record_type	focus_ref	target_ref	focus_direction_label	source_direction_label	source_focus_ref	source_target_ref	source_target_component_ref	relation_scope	source_column_order	source_row_role	source_note	source_file	source_line	source_row_sha256
directional_review	15:85	46:3	strong	strong	15:85	46:3	46:3	cross_surah	label_target_note	ranked_review	Exact خلق/السماوات/الأرض/بينهما/بالحق frame; adds أجل مسمى and إعراض.	focus_15_85_cutoff_100.tsv	1	5a8f9fe2e5cb7438c16305f2767bf41ff4c9d778c36b3ff832b3ab462fe3c01a
directional_review	15:85	36:81	strong	strong	15:85	36:81	36:81	cross_surah	label_target_note	ranked_review	Extends cosmic خلق into capacity for renewed creation, strengthening the ساعة horizon.	focus_15_85_cutoff_100.tsv	2	08cc51749335fe9b06390a89108512f30b0b643fe723d7f5c218f23a209aad8c
directional_review	15:85	24:22	strong	strong	15:85	24:22	24:22	cross_surah	label_target_note	ranked_review	Direct عفو/صفح cluster; preserves both repair and deliberate turning-away readings.	focus_15_85_cutoff_100.tsv	3	eb2c0cf67e41b0dfb14a9a0e02bf42591ede19a9eeb37ca90fea9ebb804ebe29
directional_review	15:85	44:38	strong	strong	15:85	44:38	44:38	cross_surah	label_target_note	ranked_review	Near-exact cosmic frame excludes لعب and makes the intervening field consequential.	focus_15_85_cutoff_100.tsv	4	dd068884e9f576282de1d135298155b9b42d60947bb2c8df01c82111c3d1cdca
directional_review	15:85	15:78	medium	medium	15:85	15:78	15:78	same_surah	label_target_note	ranked_review	Nearby 15 sequence supplies the ظلم setting before 15:85's final directive.	focus_15_85_cutoff_100.tsv	5	4397fc9b5a95512fa9a1542ae135e7bb0682c046fef761fc7b8e49f06438abb0
directional_review	15:85	64:14	strong	strong	15:85	64:14	64:14	cross_surah	label_target_note	ranked_review	Direct عفو/صفح/مغفرة triad adds a layered, relational non-retaliation reading.	focus_15_85_cutoff_100.tsv	6	2b9052c530379e42b9e9341438a75f53769f2e2f92d93d48bf0e76823e8b7ef6
directional_review	15:85	21:16	strong	strong	15:85	21:16	21:16	cross_surah	label_target_note	ranked_review	Near-exact cosmic frame rejects لعب, reinforcing purposeful creation.	focus_15_85_cutoff_100.tsv	7	ce0bb4761b22d11d4f0e42b80c766f79e177117ec459195d9b5da3de71873b74
directional_review	15:85	15:79	medium	medium	15:85	15:79	15:79	same_surah	label_target_note	ranked_review	Nearby consequence scene supplies a counterweight to the commanded صفح.	focus_15_85_cutoff_100.tsv	8	350470a4d159ebc9a52d5e23df108c9b9e7fa255e4bcc9bcaecbc2cf968e5a06
directional_review	15:85	23:71	strong	strong	15:85	23:71	23:71	cross_surah	label_target_note	ranked_review	Sets الحق against أهواء and connects cosmic order with non-arbitrary judgment.	focus_15_85_cutoff_100.tsv	9	1c664560cb67dba63070dee0a0db55972d6ebd906abec0ce4b3a71db32a198e9
directional_review	15:85	50:38	strong	strong	15:85	50:38	50:38	cross_surah	label_target_note	ranked_review	Exact cosmic interval plus measured duration; adds no-lassitude creation.	focus_15_85_cutoff_100.tsv	10	874821b3269753e63824ce157dd1565307214967bed375cd382910a70ba430df
directional_review	15:85	15:86	strong	strong	15:85	15:86	15:86	same_surah	label_target_note	ranked_review	Immediate continuation names the خلاق/عليم source of the 15:85 creation claim.	focus_15_85_cutoff_100.tsv	11	53705cac736230c117f4d753f61e2133f7b13028034820ea4b5023c2e368f763
directional_review	15:85	78:37	medium	medium	15:85	78:37	78:37	cross_surah	label_target_note	ranked_review	Retains السماوات/الأرض/بينهما as a single domain under ربوبية.	focus_15_85_cutoff_100.tsv	12	5de42c3fbbb4fda9d58a9f702524c01cad7427cefc4ba5d067011f8c9af14317
directional_review	15:85	38:27	strong	strong	15:85	38:27	38:27	cross_surah	label_target_note	ranked_review	Near-exact frame rejects باطل, sharpening the purpose/justice side of بالحق.	focus_15_85_cutoff_100.tsv	13	87d6ca147132423e3856d16ebfed13585b202b2d9b0931d39e228c5879a8f074
directional_review	15:85	15:80	medium	medium	15:85	15:80	15:80	same_surah	label_target_note	ranked_review	Nearby rejection narrative frames the need for the ensuing 15:85 response.	focus_15_85_cutoff_100.tsv	14	a5e36932f0771639539514c744c01b46cf6893c2afbc9ff26e7e557595bd9de6
directional_review	15:85	15:28	medium	medium	15:85	15:28	15:28	same_surah	label_target_note	ranked_review	Same-surah creation scene gives a concrete خلق backdrop, without the full 15:85 frame.	focus_15_85_cutoff_100.tsv	15	cb238e33a7a67388f05f4cbc8a9eb88cfc5e2b1c066bf0d0a9255a25cbd39cd7
directional_review	15:85	30:8	strong	strong	15:85	30:8	30:8	cross_surah	label_target_note	ranked_review	Exact frame with بالحق and أجل مسمى; links it to لقاء and denial.	focus_15_85_cutoff_100.tsv	16	761f5bfa7269359abaaa36289540d9e899132e6c6c1a3aeb1e38d29a607787c0
directional_review	15:85	15:81	medium	medium	15:85	15:81	15:81	same_surah	label_target_note	ranked_review	Nearby اعراض from signs parallels the resistance surrounding 15:85.	focus_15_85_cutoff_100.tsv	17	bd3f3da682cd79b270872b5650a9fa71fd6d4550d3eb624d97953b7aa31c1ec6
directional_review	15:85	23:90	medium	medium	15:85	23:90	23:90	cross_surah	label_target_note	ranked_review	الحق versus كذب supports the truth claim, but not the cosmic or صفح clauses.	focus_15_85_cutoff_100.tsv	18	dc2260b3f34ca3fdcebbb4f7c91f60b1123ff7b6828d2905f1ec866990e005cd
directional_review	15:85	42:17	strong	strong	15:85	42:17	42:17	cross_surah	label_target_note	ranked_review	Pairs كتاب بالحق and ميزان with the nearing ساعة.	focus_15_85_cutoff_100.tsv	19	26abc2f7e220526f74721f7e58cb728f48f3863f9726ae17b8af522bf2d787af
directional_review	15:85	15:20	medium	medium	15:85	15:20	15:20	same_surah	label_target_note	ranked_review	Same-surah provisioning field contributes only broad creation context.	focus_15_85_cutoff_100.tsv	20	1dc393179e177da25baf43e4f6352c1d9eaa0181a5c9462db5e618a2ae893ecb
directional_review	15:85	70:5	medium	medium	15:85	70:5	70:5	cross_surah	label_target_note	ranked_review	جميل with صبر supplies a parallel disciplined-conduct reading, secondary to صفح.	focus_15_85_cutoff_100.tsv	21	437d4e3dbeb99036cb21dfbdaa7c74363545fcc1076b6fd031a2f59ae7d0c5a4
directional_review	15:85	43:85	strong	strong	15:85	43:85	43:85	cross_surah	label_target_note	ranked_review	Combines السماوات/الأرض/بينهما, علم الساعة, and return in one frame.	focus_15_85_cutoff_100.tsv	22	5dc59de5da0e8e4dbaa4ba4abe15dee816d4be340da34407ff7a3a8279c4de97
directional_review	15:85	15:82	medium	medium	15:85	15:82	15:82	same_surah	label_target_note	ranked_review	Nearby self-secured dwelling scene sharpens the preceding judgment context.	focus_15_85_cutoff_100.tsv	23	dfffa8049ed1475e171fb70fd275a27e5da3512c8d7dd9168ca79cd135194558
directional_review	15:85	2:109	medium	medium	15:85	2:109	2:109	cross_surah	label_target_note	ranked_review	عفو/صفح held until divine أمر offers a temporal non-retaliation parallel.	focus_15_85_cutoff_100.tsv	24	3aef730a076f5640628bb37047d0ef033654f17390123bd58e04e3b92c9c0a90
directional_review	15:85	40:59	strong	strong	15:85	40:59	40:59	cross_surah	label_target_note	ranked_review	Directly intensifies the certainty of الساعة with لا ريب.	focus_15_85_cutoff_100.tsv	25	35293f25d244d74d97b342c6486ae6f9f0c1f893814522c81593fb42795e0918
directional_review	15:85	15:83	medium	medium	15:85	15:83	15:83	same_surah	label_target_note	ranked_review	Nearby punitive outcome preserves the consequence side beside 15:85's صفح.	focus_15_85_cutoff_100.tsv	26	41a752d25bdefdffe1c2eb68ac69e28613bcd86c8af91eb80929cc7d08301b48
directional_review	15:85	5:13	strong	strong	15:85	5:13	5:13	cross_surah	label_target_note	ranked_review	Direct عفو/صفح gives a restoration reading that retains the trace of breach.	focus_15_85_cutoff_100.tsv	27	01d3a7b64f828e6e26580312e44bf56e27724d0f35a6c144f9c9a4a725b62b4a
directional_review	15:85	44:7	medium	medium	15:85	44:7	44:7	cross_surah	label_target_note	ranked_review	Cosmic interval under ربوبية; its vertical-route reading remains secondary.	focus_15_85_cutoff_100.tsv	28	e7c94f56922df9f10acf9ff80e417ee06d93a360d2a78516e7d066e22b4f15c4
directional_review	15:85	15:84	medium	medium	15:85	15:84	15:84	same_surah	label_target_note	ranked_review	Nearby failure of كسب counters reliance on human accumulation.	focus_15_85_cutoff_100.tsv	29	6a2806d77bb6b51a714ddeb2d8caa285aeecb77f49a7feb48e32867702d8e4bc
directional_review	15:85	73:10	strong	strong	15:85	73:10	73:10	cross_surah	label_target_note	ranked_review	هجرا جميلا gives a close behavioral parallel for beautiful disengagement.	focus_15_85_cutoff_100.tsv	30	fb8a9ea3b30aef5290cbb354a63e01a63ee96b6d46f5d9dc8e753d826802eb6c
directional_review	15:85	45:32	strong	strong	15:85	45:32	45:32	cross_surah	label_target_note	ranked_review	Explicit وعد الحق and الساعة لا ريب فيها anchor the arrival clause.	focus_15_85_cutoff_100.tsv	31	9c3bc98ca696371f0e45ee7636300185f89abc76c1f943c3931e5d15ec1c92a8
directional_review	15:85	44:39	strong	strong	15:85	44:39	44:39	cross_surah	label_target_note	ranked_review	بالحق creation adds embedded rights and consequences, not mere correctness.	focus_15_85_cutoff_100.tsv	32	bcb11f33bb6713c42b5ba9c10161606efdd0b7bc4ed196a5a0051ba2634ad252
directional_review	15:85	56:59	medium	medium	15:85	56:59	56:59	cross_surah	label_target_note	ranked_review	خلق distinction between human participation and the creator broadens the creation clause.	focus_15_85_cutoff_100.tsv	33	fe8529c1421a55cdb00d37fdb6c42819a1487ad4c4d7143357fea21d9ec42761
directional_review	15:85	26:24	medium	medium	15:85	26:24	26:24	cross_surah	label_target_note	ranked_review	Cosmic interval under ربوبية supports the frame, without ساعة or صفح.	focus_15_85_cutoff_100.tsv	34	19eca63038d9d2b2cfc124e3cc67bcb2c2fd46e98956fb3bf732f122d7b851ac
directional_review	15:85	15:87	weak	weak	15:85	15:87	15:87	same_surah	label_target_note	ranked_review	Immediate neighboring instruction, but no direct lexical or reading bridge.	focus_15_85_cutoff_100.tsv	35	0b7ace6d9b5c83fc24615235adad1193553a051a89385979408c8949c8899a05
directional_review	15:85	7:17	no value	no value	15:85	7:17	7:17	cross_surah	label_target_note	ranked_review	Contrast-only spatial route; it does not positively clarify 15:85.	focus_15_85_cutoff_100.tsv	36	df0ee492556b6d30d04ba709d354e7ead4e3ef8b3a7d2755fa4bc5cc381ddf23
directional_review	15:85	7:181	medium	medium	15:85	7:181	7:181	cross_surah	label_target_note	ranked_review	الحق as guidance and عدل contributes an ethical realization of ordered truth.	focus_15_85_cutoff_100.tsv	37	a3f54980a47f2ee1b00da58995544313abc8093537bc22c752028133b10e0dee
directional_review	15:85	15:12	weak	weak	15:85	15:12	15:12	same_surah	label_target_note	ranked_review	Same-surah rejection motif is only distant contextual support.	focus_15_85_cutoff_100.tsv	38	ed35cdf1131f91304e1b3dd179b5f83237d9aca1b8f94b6b5518066aa679ef8f
directional_review	15:85	32:5	weak	weak	15:85	32:5	32:5	cross_surah	label_target_note	ranked_review	Governed descent/ascent and duration are a secondary spatial-temporal resonance.	focus_15_85_cutoff_100.tsv	39	810f891a794c78cd1789403fa844e12aff24b224835528a535fb0939c522b067
directional_review	15:85	43:89	strong	strong	15:85	43:89	43:89	cross_surah	label_target_note	ranked_review	Direct فاصفح and deferred knowing strongly parallel the final imperative.	focus_15_85_cutoff_100.tsv	40	07b785c88546370681a977bd390feba8f9b720b6b60bc64b5990ebec75809eb2
directional_review	15:85	15:88	weak	weak	15:85	15:88	15:88	same_surah	label_target_note	ranked_review	Adjacent exhortation offers disposition context but no distinct 15:85 component.	focus_15_85_cutoff_100.tsv	41	e77001fd5ecdf5ffa34028780554e4c9f6201e2a1445c6d729c43eb7e4ad7e31
directional_review	15:85	52:36	medium	medium	15:85	52:36	52:36	cross_surah	label_target_note	ranked_review	Creation challenge and lack of يقين reinforce the cosmic-certainty side.	focus_15_85_cutoff_100.tsv	42	b52143aed3f02658b37ca91da94399833f4b6ae51c1f1b56027aafb9c161bb82
directional_review	15:85	22:64	medium	medium	15:85	22:64	22:64	cross_surah	label_target_note	ranked_review	Cosmic ownership supports the frame, though it adds neither حق nor ساعة.	focus_15_85_cutoff_100.tsv	43	b2467f0c78e16743c224af4e9e8b328ca3c46ef42d7e2ae6133b8ed2b12247b0
directional_review	15:85	15:18	weak	weak	15:85	15:18	15:18	same_surah	label_target_note	ranked_review	Same-surah sky scene is remote from the focused claim.	focus_15_85_cutoff_100.tsv	44	6b6a9b44382c83fe9ef11dcbb18c4a117f3114f16f0142ad4af33002bd0ebfe3
directional_review	15:85	60:12	no value	no value	15:85	60:12	60:12	cross_surah	label_target_note	ranked_review	Between-body wording is contrast-only and does not illuminate the cosmic interval.	focus_15_85_cutoff_100.tsv	45	befcddad6c383f994856ace9376ba1e829cf29e97eeddbca76f6897cf257ab72
directional_review	15:85	34:3	strong	strong	15:85	34:3	34:3	cross_surah	label_target_note	ranked_review	Explicit denial and certain arrival of الساعة add an accountability trajectory.	focus_15_85_cutoff_100.tsv	46	a6762d4a0986cbd15f080f7cff129eaa1d648ac424475d520d0dcbaae0169778
directional_review	15:85	36:45	medium	medium	15:85	36:45	36:45	cross_surah	label_target_note	ranked_review	Channel bridge preserves a front/back turning contrast, but no exact V12 route.	focus_15_85_cutoff_100.tsv	47	7e7cce5f75bb33b227da7d5fe37a0f9f106cb4c797edfafea7a435fdf77c1b9e
directional_review	15:85	59:24	medium	medium	15:85	59:24	59:24	cross_surah	label_target_note	ranked_review	خالق/بارئ/مصور develops creation as distinct phases; cosmic reading stays secondary.	focus_15_85_cutoff_100.tsv	48	1b19885870e0d21932a28e839ebea5e4b340ddf72a820a9025757c1687841891
directional_review	15:85	35:24	medium	medium	15:85	35:24	35:24	cross_surah	label_target_note	ranked_review	بالحق warning supports the warning/denial setting more than the focal clauses.	focus_15_85_cutoff_100.tsv	49	39c8a03bf8a7bb5f8780ffa8c035d249a56c3a817f3604c0c689bc48efe2b0d0
directional_review	15:85	15:89	weak	weak	15:85	15:89	15:89	same_surah	label_target_note	ranked_review	Immediate self-identification as نذير only broadly continues the local sequence.	focus_15_85_cutoff_100.tsv	50	3f932264330d3a517f7e4355f50f8998e9dec18afa4880626f0a02fd0c8582b4
directional_review	15:85	91:5	weak	weak	15:85	91:5	91:5	cross_surah	label_target_note	ranked_review	Sky-construction route is secondary and retains its competing contrast reading.	focus_15_85_cutoff_100.tsv	51	e50e2a0ece5b7d802b585a532aa169bed08f895ea490abf4a1602b1a270de046
directional_review	15:85	4:35	weak	weak	15:85	4:35	4:35	cross_surah	label_target_note	ranked_review	Human بينهما is only a formal echo, without a usable focal bridge.	focus_15_85_cutoff_100.tsv	52	ebf43aa346c2c6ace012050759eaa0e35a2d19765617d518a61a5ed31cc046d5
directional_review	15:85	15:58	weak	weak	15:85	15:58	15:58	same_surah	label_target_note	ranked_review	Nearby قوم مجرمين supplies narrative context only.	focus_15_85_cutoff_100.tsv	53	3ff681b0fb0f934c561b2e8f327f43de6ae23492378146cdc473d3d0e52e26dc
directional_review	15:85	4:126	weak	weak	15:85	4:126	4:126	cross_surah	label_target_note	ranked_review	Cosmic encompassing ownership is a weak secondary resonance.	focus_15_85_cutoff_100.tsv	54	bf58877e6cfcdf1cd809dd2d9887f71cb4f4440bfcad782b438919a358ef1577
directional_review	15:85	12:83	medium	medium	15:85	12:83	12:83	cross_surah	label_target_note	ranked_review	صبر جميل offers a parallel beautiful endurance reading, not direct صفح.	focus_15_85_cutoff_100.tsv	55	6bb245bb8587212063561962f91c78a8036a4f78df6ff15ab44704d113e44f92
directional_review	15:85	46:2	weak	weak	15:85	46:2	46:2	cross_surah	label_target_note	ranked_review	Channel connections are contextual; the verse itself adds no focused component.	focus_15_85_cutoff_100.tsv	56	619a19a96a391e2c9e659b78ed7e3f6c17c87eac607f42809ce9f6510516ca7b
directional_review	15:85	70:39	medium	medium	15:85	70:39	70:39	cross_surah	label_target_note	ranked_review	Created origin supports dependence on the خالق; contrast route remains non-support.	focus_15_85_cutoff_100.tsv	57	95511513a4e172e102b7374fee4d4fcf533af0c84216ad0071372dc4a05905bb
directional_review	15:85	43:5	medium	medium	15:85	43:5	43:5	cross_surah	label_target_note	ranked_review	صفح as withholding/turning preserves a page-turning secondary reading.	focus_15_85_cutoff_100.tsv	58	0ac349c1c60f44c2a2c0e6cd31d4374b333cc03bfcb5bfa2633470ef637b1b76
directional_review	15:85	15:90	weak	weak	15:85	15:90	15:90	same_surah	label_target_note	ranked_review	Nearby descent onto المقتسمين supplies only broad warning context.	focus_15_85_cutoff_100.tsv	59	f990dba2a9cb5dff5a76ce8296dfdb4aa3cfae4fd12b3409c3c0124a698c15f1
directional_review	15:85	24:42	medium	medium	15:85	24:42	24:42	cross_surah	label_target_note	ranked_review	Cosmic ملك and مصير support eventual return, without the full creation claim.	focus_15_85_cutoff_100.tsv	60	c731895bd77f02e009df306727cabdfaf34adf3bc60467e897d416cb470d4249
directional_review	15:85	16:6	weak	weak	15:85	16:6	16:6	cross_surah	label_target_note	ranked_review	جمال is a lexical echo only, not beautiful pardon.	focus_15_85_cutoff_100.tsv	61	2c31878bf29a594dd007590c5bc84311381686f6e87c4f0e4f554607ac086332
directional_review	15:85	15:57	weak	weak	15:85	15:57	15:57	same_surah	label_target_note	ranked_review	Nearby envoy dialogue has no focused bridge.	focus_15_85_cutoff_100.tsv	62	7e7ce9e328f663026f3a049180173946f5f21cb59a4f158a800a67c9e18397a2
directional_review	15:85	25:2	strong	strong	15:85	25:2	25:2	cross_surah	label_target_note	ranked_review	خلق and تقدير add calibrated, undivided governance; interval route remains secondary.	focus_15_85_cutoff_100.tsv	63	375dbc6f5c11be32c52dba019d4503abb6b22ffcbe1d66ec0f2086cfece597e1
directional_review	15:85	77:33	no value	no value	15:85	77:33	77:33	cross_surah	label_target_note	ranked_review	No lexical, local, or routed contribution to 15:85.	focus_15_85_cutoff_100.tsv	64	ec13b62c692805e1f91b52ddaed1c181e5ee7147ce958625b550dd16931b05ee
directional_review	15:85	33:28	weak	weak	15:85	33:28	33:28	cross_surah	label_target_note	ranked_review	سراح جميل offers only a remote, non-coercive separation parallel.	focus_15_85_cutoff_100.tsv	65	5beaa9870e20e6e37815efc07ee32e6f2b8a78da9978f28a9e411bf0c677189c
directional_review	15:85	31:28	medium	medium	15:85	31:28	31:28	cross_surah	label_target_note	ranked_review	Creation and بعث together support the arrival horizon; its reject route is not support.	focus_15_85_cutoff_100.tsv	66	7043a1d4f6e640ddf909d420221a033ecc92a26e7e713bc8872efc3a52b7edf5
directional_review	15:85	64:3	medium	medium	15:85	64:3	64:3	cross_surah	label_target_note	ranked_review	خلق السماوات والأرض بالحق and المصير reinforce purpose and return.	focus_15_85_cutoff_100.tsv	67	38dc6cea7636ebc1f37883b53a342392c2b0b17119cdb4a325693261ffc76100
directional_review	15:85	15:91	weak	weak	15:85	15:91	15:91	same_surah	label_target_note	ranked_review	Nearby Qur'an-splitting scene is only broad rejection context.	focus_15_85_cutoff_100.tsv	68	d846c5ae48a4b0632365f10cc030f93bca3e5e8b0ca9d9d65e0ce23987adc833
directional_review	15:85	42:53	medium	medium	15:85	42:53	42:53	cross_surah	label_target_note	ranked_review	Cosmic possession and final صيرورة support the return dimension.	focus_15_85_cutoff_100.tsv	69	0d43474e7c60cd943e01fe1949300284d0d06801bf4bfd09542014e887c0cd04
directional_review	15:85	45:22	strong	strong	15:85	45:22	45:22	cross_surah	label_target_note	ranked_review	بالحق creation explicitly leads to proportionate recompense.	focus_15_85_cutoff_100.tsv	70	e6b1191a5ed9886b520f971a0f14f4f68333fc79d4d2289bbd0f898e0ad3af42
directional_review	15:85	15:48	weak	weak	15:85	15:48	15:48	same_surah	label_target_note	ranked_review	Same-surah final-rest scene lacks a specific bridge to 15:85.	focus_15_85_cutoff_100.tsv	71	425969cfd393050b07c071b91464e4398d16581b75c07a3364a064122beeac96
directional_review	15:85	29:22	medium	medium	15:85	29:22	29:22	cross_surah	label_target_note	ranked_review	Earth/sky frame removes an outside escape, reinforcing comprehensive authority.	focus_15_85_cutoff_100.tsv	72	3ea40d5741020b4c1d638c5e4696d9dd8670b215c9213b82898918dffd4efc1f
directional_review	15:85	38:66	medium	medium	15:85	38:66	38:66	cross_surah	label_target_note	ranked_review	Direct رب السماوات والأرض وما بينهما supports the cosmic-domain clause.	focus_15_85_cutoff_100.tsv	73	8554e8e222bc5ad5e2d372b3b9ba0d372cd02993e5da4bf971086a0760010bbd
directional_review	15:85	27:87	medium	medium	15:85	27:87	27:87	cross_surah	label_target_note	ranked_review	Trumpet-day scene supplies an arrival/consequence parallel through its channel.	focus_15_85_cutoff_100.tsv	74	681e120c1eb0f71c0f2a7e19d370cdf4a24e73ba62d32ca739d2b2bd466d270f
directional_review	15:85	67:17	weak	weak	15:85	67:17	67:17	cross_surah	label_target_note	ranked_review	Sky as warning is a limited secondary resonance.	focus_15_85_cutoff_100.tsv	75	480bb8481b0bc4619793eede6767cd4fc8440d2c173455b8ef07d12a3299f39e
directional_review	15:85	33:72	weak	weak	15:85	33:72	33:72	cross_surah	label_target_note	ranked_review	Cosmic scale and human responsibility form only a mixed secondary reading.	focus_15_85_cutoff_100.tsv	76	ecc114c65f3160c732301e3258a42df0e2124b9819918818750b9a59187033bb
directional_review	15:85	15:92	weak	weak	15:85	15:92	15:92	same_surah	label_target_note	ranked_review	Nearby universal questioning adds consequence context without a direct bridge.	focus_15_85_cutoff_100.tsv	77	4f9ca788af74b121ceb940614178339ef7804dc0ca5d4f055b7ca65e4b4eb0bf
directional_review	15:85	6:75	medium	medium	15:85	6:75	6:75	cross_surah	label_target_note	ranked_review	Cosmic ملكوت and يقين reinforce the comprehensive-order reading.	focus_15_85_cutoff_100.tsv	78	c1b3c47db279ba3df69419a65ec119f5bfe31ee86e0496ad50f3c991c37c9f29
directional_review	15:85	6:73	strong	strong	15:85	6:73	6:73	cross_surah	label_target_note	ranked_review	خلق بالحق plus trumpet-day combine creation, truth, and arrival.	focus_15_85_cutoff_100.tsv	79	4a452b85448712b972aceb4aaf54a74660ebccc2e25dfd63f482128566cb4dd6
directional_review	15:85	15:14	weak	weak	15:85	15:14	15:14	same_surah	label_target_note	ranked_review	Same-surah sky-opening scene is not a focused route.	focus_15_85_cutoff_100.tsv	80	0371373dd1f85556d3dc47c81219fa92d568379b2fb3d984629d0a9a78889181
directional_review	15:85	42:4	medium	medium	15:85	42:4	42:4	cross_surah	label_target_note	ranked_review	Cosmic possession under exalted authority reinforces the comprehensive frame.	focus_15_85_cutoff_100.tsv	81	b76a0722d59c89d6d63ed343e7f6d35bf2aacd7cf7b4ed9cb0a0bea26cd0d8b0
directional_review	15:85	39:5	medium	medium	15:85	39:5	39:5	cross_surah	label_target_note	ranked_review	خلق بالحق and أجل مسمى add temporal calibration, without the final imperative.	focus_15_85_cutoff_100.tsv	82	2772f9dbb0897304719f76c7fc3dd046565625eb998c2eafa7de683dfbdd23ec
directional_review	15:85	15:93	weak	weak	15:85	15:93	15:93	same_surah	label_target_note	ranked_review	Immediate answerability motif is contextual only.	focus_15_85_cutoff_100.tsv	83	e188a4d83e6658f9e5cbfc89dfe400c7399060c6efd4239660410a95b868133b
directional_review	15:85	18:29	medium	medium	15:85	18:29	18:29	cross_surah	label_target_note	ranked_review	الحق and selected consequences support deferred judgment, without cosmic creation.	focus_15_85_cutoff_100.tsv	84	b29316293a45e3d0aece82d78fe42d988eb428052790d8105db3f01ae93c8113
directional_review	15:85	29:44	strong	strong	15:85	29:44	29:44	cross_surah	label_target_note	ranked_review	Exact خلق السماوات والأرض بالحق directly reinforces the focal proposition.	focus_15_85_cutoff_100.tsv	85	2c112b1c22a0e70415151f9dedf05ea8d9adeab6c48cdd28612ec078d8580a79
directional_review	15:85	15:16	weak	weak	15:85	15:16	15:16	same_surah	label_target_note	ranked_review	Nearby sky adornment is broad creation context only.	focus_15_85_cutoff_100.tsv	86	1ab40f669337eb24ac7b875a40bbbe0f2e9384a16b035f0f7a857bfbc6af873e
directional_review	15:85	18:44	medium	medium	15:85	18:44	18:44	cross_surah	label_target_note	ranked_review	ولاية الحق and آخبة consequence support leaving final outcome to God.	focus_15_85_cutoff_100.tsv	87	63aad0bce943a283ccf9f24c908d1f78d61a32e7013aa91e0f188842d7266cda
directional_review	15:85	25:59	strong	strong	15:85	25:59	25:59	cross_surah	label_target_note	ranked_review	Exact cosmic interval and staged خلق strongly extend the creation frame.	focus_15_85_cutoff_100.tsv	88	6e35a1b95253c979d6d65735d26e24de1b2510f3b923bb4532632ab004b76888
directional_review	15:85	32:4	strong	strong	15:85	32:4	32:4	cross_surah	label_target_note	ranked_review	Exact cosmic interval, staged خلق, and governance; preserves its secondary interval reading.	focus_15_85_cutoff_100.tsv	89	9eecf2516bcdae4f34863b68fb9db9102c036457ea778f71b5921ceb4d7bea14
directional_review	15:85	34:18	weak	weak	15:85	34:18	34:18	cross_surah	label_target_note	ranked_review	Intervening-space reading is metaphorical and only weakly analogous.	focus_15_85_cutoff_100.tsv	90	15849cde95d7ecec5a1b44301b76f1abf92e726f1c8b878f5e35ed7e38c61d47
directional_review	15:85	21:56	medium	medium	15:85	21:56	21:56	cross_surah	label_target_note	ranked_review	Rab of heavens and earth as originator supports the creator frame.	focus_15_85_cutoff_100.tsv	91	2b09554ad6609b2b62651e358f70f57223e5dc7e387c0736dddee92857e7e24a
directional_review	15:85	16:39	medium	medium	15:85	16:39	16:39	cross_surah	label_target_note	ranked_review	Future clarification and exposure of كذب support the deferred-resolution side.	focus_15_85_cutoff_100.tsv	92	38815ff07dead512ea6d73193f58e202a81a5ab20a4763cc6b10894f1164c5e8
directional_review	15:85	64:1	medium	medium	15:85	64:1	64:1	cross_surah	label_target_note	ranked_review	Cosmic praise, ملك, and قدرة provide a broad order reading.	focus_15_85_cutoff_100.tsv	93	c9b26094c8e0283810cb5d44698f9dba6a9de5200d3eea006d922ce2bad16e54
directional_review	15:85	22:69	medium	medium	15:85	22:69	22:69	cross_surah	label_target_note	ranked_review	Future judgment of present اختلاف strongly supports deferred final resolution.	focus_15_85_cutoff_100.tsv	94	dba040cd5bf8568fed0b70f3b4e1ce15ef6e946dbc9d04cba46efecf77424014
directional_review	15:85	2:233	no value	no value	15:85	2:233	2:233	cross_surah	label_target_note	ranked_review	No focused lexical, local, channel, or V12 contribution.	focus_15_85_cutoff_100.tsv	95	d876c12a6dbfb6bdbe106799c55bba69dc340472c7d2265ef9189c28a5a16827
directional_review	15:85	23:60	medium	medium	15:85	23:60	23:60	cross_surah	label_target_note	ranked_review	Return-facing action supports accountable restraint, but indirectly.	focus_15_85_cutoff_100.tsv	96	c281013b6757936a30f3262420243a259fae0ac06e2a6bf9d33eb5c403bb82d8
directional_review	15:85	4:36	no value	no value	15:85	4:36	4:36	cross_surah	label_target_note	ranked_review	General إحسان does not add a specific 15:85 component.	focus_15_85_cutoff_100.tsv	97	7b00fe490c4ec4869abcf04449b3210999e8284c98dcd89455f5fa7477dd7a08
directional_review	15:85	38:26	medium	medium	15:85	38:26	38:26	cross_surah	label_target_note	ranked_review	حكم بالحق and يوم الحساب add an ethical-accountability parallel.	focus_15_85_cutoff_100.tsv	98	8be925f52154263558094b659f28165b67022a63ea188eae76b4fc3c68199958
directional_review	15:85	16:13	no value	no value	15:85	16:13	16:13	cross_surah	label_target_note	ranked_review	Creation variety alone does not clarify the focal reading.	focus_15_85_cutoff_100.tsv	99	a422f5328778b7d2c4f9b1f87c46acd4a26ebc309b672c20831bce6626d5395f
directional_review	15:85	40:64	medium	medium	15:85	40:64	40:64	cross_surah	label_target_note	ranked_review	Earth/sky/human fitted habitat reinforces ordered creation, without حق or ساعة.	focus_15_85_cutoff_100.tsv	100	8a489e42ae68239dbc2e962edf2111b0bf417669689d00fdb40ce14e7ebc4439
directional_review	15:85	15:23	strong	strong	15:85	15:23	15:23	same_surah	label_target_note	missing_ayah_suggestion	Same-surah إحياء/إماتة and inheritance directly extend the arrival horizon.	focus_15_85_cutoff_100.tsv	101	d6f62f517b38d7f96320b492cbc53bc9dff8307159d5fbc0970095ab1bd13ae6
directional_review	15:85	15:64	strong	strong	15:85	15:64	15:64	same_surah	label_target_note	missing_ayah_suggestion	Same-surah أتيناك بالحق directly reinforces the focal بالحق clause.	focus_15_85_cutoff_100.tsv	102	bdc710053b2a5704df6c788e2fcebc4c767c472e4a7f10c7a2f072d2c147b2af
directional_review	15:85	15:66	medium	medium	15:85	15:66	15:66	same_surah	label_target_note	missing_ayah_suggestion	Same-surah قضاء الأمر and morning severance supply a deferred-verdict parallel.	focus_15_85_cutoff_100.tsv	103	7c2466b2cda824a3ab2fc070befdcc95e236758d3cebe82847c6f0c57e9cff8b
directional_review	15:85	15:94	strong	strong	15:85	15:94	15:94	same_surah	label_target_note	missing_ayah_suggestion	Same-surah أعرض gives a direct behavioral parallel beside 15:85's فاصفح.	focus_15_85_cutoff_100.tsv	104	4ec770f6d7ed36b141e075fce4baadef270f97e24f90116f8c6c77be941fd39c
directional_review	15:85	15:95	strong	strong	15:85	15:95	15:95	same_surah	label_target_note	missing_ayah_suggestion	Same-surah كفاية from mockers grounds non-retaliatory restraint.	focus_15_85_cutoff_100.tsv	105	7dc00e5e230591cd9224ccfca0b3497bb4a8a93d335bf081b6c79285aadd1584
directional_review	15:85	15:97	medium	medium	15:85	15:97	15:97	same_surah	label_target_note	missing_ayah_suggestion	Divine knowledge of the burdened chest supports the command's pastoral setting.	focus_15_85_cutoff_100.tsv	106	63b7f37afe1caca3aade6ca1d0395e983d41121a1d3e61aa0969b984c2cf5d27
directional_review	15:85	15:99	medium	medium	15:85	15:99	15:99	same_surah	label_target_note	missing_ayah_suggestion	Steady عبادة until اليقين supplies an endurance horizon for the local sequence.	focus_15_85_cutoff_100.tsv	107	b3c4b5a91134e9da8ec58bc266b858a868623320358b52dc2294a051d25094f1
directional_review	15:85	3:134	medium	medium	15:85	3:134	3:134	cross_surah	label_target_note	missing_ayah_suggestion	كظم الغيظ and عفو provide a close non-retaliation parallel.	focus_15_85_cutoff_100.tsv	108	6502860d1555f6cb791c76bc58d745abfe4bb888be253695136bfacafdcb9c60
directional_review	15:85	3:159	medium	medium	15:85	3:159	3:159	cross_surah	label_target_note	missing_ayah_suggestion	فاعف and consultation extend restraint into communal repair.	focus_15_85_cutoff_100.tsv	109	7f2c30d645377d6774760aef285daafa8c5694d45b18504044ab0f44742ab727
directional_review	15:85	4:149	medium	medium	15:85	4:149	4:149	cross_surah	label_target_note	missing_ayah_suggestion	عفو عن سوء supplies a direct forgiveness counterpart.	focus_15_85_cutoff_100.tsv	110	d258a9c748499c1d3d1d63635d0198c611303c463796c1c82aa595be2e608798
directional_review	15:85	7:199	strong	strong	15:85	7:199	7:199	cross_surah	label_target_note	missing_ayah_suggestion	خذ العفو and أعرض عن الجاهلين closely parallel beautiful pardon.	focus_15_85_cutoff_100.tsv	111	2584a2714e8a16bcf1b60570832cdeaf00633e312dd1062ae54d3c19a7584484
directional_review	15:85	14:19	strong	strong	15:85	14:19	14:19	cross_surah	label_target_note	missing_ayah_suggestion	خلق السماوات والأرض بالحق directly reinforces purpose and creative power.	focus_15_85_cutoff_100.tsv	112	2828686139a87393fcecfe410745b2a88b05c28baf1d054794e53a0c602dd472
directional_review	15:85	16:3	strong	strong	15:85	16:3	16:3	cross_surah	label_target_note	missing_ayah_suggestion	خلق السماوات والأرض بالحق is a direct counterpart to the focal proposition.	focus_15_85_cutoff_100.tsv	113	9ecee7ef1f01301c4c5c4cb119312fcdac7ff09ad53555b19c857ee6cd94c7d2
directional_review	15:85	16:38	medium	medium	15:85	16:38	16:38	cross_surah	label_target_note	missing_ayah_suggestion	Explicit denial of بعث supplies the opposing response to the arrival claim.	focus_15_85_cutoff_100.tsv	114	704cf850bb682579488c5e1ca62f13637ccf98b4eafde4d66e0ff8a029642f93
directional_review	15:85	16:126	medium	medium	15:85	16:126	16:126	cross_surah	label_target_note	missing_ayah_suggestion	Retaliation limit with صبر gives a disciplined-restraint parallel.	focus_15_85_cutoff_100.tsv	115	ac2f46101568b88fd0ed7b6621cf63be9fffa03e6edc669223f2286459725f29
directional_review	15:85	16:127	medium	medium	15:85	16:127	16:127	cross_surah	label_target_note	missing_ayah_suggestion	صبر بالله adds reliance to the non-retaliatory disposition.	focus_15_85_cutoff_100.tsv	116	41b1020860a783c0737acc976675a177f4a7854767120f90d7edb2fd26fe73b5
directional_review	15:85	17:99	strong	strong	15:85	17:99	17:99	cross_surah	label_target_note	missing_ayah_suggestion	Cosmic خلق, renewed creation, and أجل combine the focal creation and arrival sides.	focus_15_85_cutoff_100.tsv	117	789fe040758cea28c0e1ff5dfde5207d76306b11f62057f727a7844185eb20a5
directional_review	15:85	21:104	medium	medium	15:85	21:104	21:104	cross_surah	label_target_note	missing_ayah_suggestion	Cosmic folding and renewed creation supply a terminal-order parallel.	focus_15_85_cutoff_100.tsv	118	f07c1f22b8b194098d155257868bfa3ae740abfb2bbfb7e87ef1ef81030f768a
directional_review	15:85	22:7	strong	strong	15:85	22:7	22:7	cross_surah	label_target_note	missing_ayah_suggestion	Explicit الساعة آتية and بعث is a direct arrival counterpart.	focus_15_85_cutoff_100.tsv	119	369e6be474c25261556fb1c9eb6d95ea080e47bce5641c960660966b9adfcded
directional_review	15:85	23:15	medium	medium	15:85	23:15	23:15	cross_surah	label_target_note	missing_ayah_suggestion	Death after created life begins the return trajectory.	focus_15_85_cutoff_100.tsv	120	0feca6ad243cec6600f2d4fada7c279fc44dba263e9d3d94d8638f27c28a3ccb
directional_review	15:85	23:16	strong	strong	15:85	23:16	23:16	cross_surah	label_target_note	missing_ayah_suggestion	بعث on القيامة explicitly completes that return trajectory.	focus_15_85_cutoff_100.tsv	121	d579a4432be96642f758014847108029f7bd9eab9db31ba18692828b7a711184
directional_review	15:85	23:96	strong	strong	15:85	23:96	23:96	cross_surah	label_target_note	missing_ayah_suggestion	ادفع بالتي هي أحسن supplies a close alternative to retaliatory response.	focus_15_85_cutoff_100.tsv	122	7bb3daaa921c33a4cda6ba2640f34fd3305e7e61aeb7258b016182c8f56417c5
directional_review	15:85	23:115	strong	strong	15:85	23:115	23:115	cross_surah	label_target_note	missing_ayah_suggestion	Creation without عبث and return directly parallel purpose plus final return.	focus_15_85_cutoff_100.tsv	123	63551cd1df1fc2a0e16661d9364e4cc2fac74465fd379078958529c2cddedfef
directional_review	15:85	30:11	strong	strong	15:85	30:11	30:11	cross_surah	label_target_note	missing_ayah_suggestion	Beginning and repeating خلق with return joins creation to final return.	focus_15_85_cutoff_100.tsv	124	e6432a22ba37c9cdc76cbd94f69f74b60d663ca478b26b9f674a67c499705f25
directional_review	15:85	30:25	strong	strong	15:85	30:25	30:25	cross_surah	label_target_note	missing_ayah_suggestion	Standing sky/earth and the call from earth give cosmic order plus emergence.	focus_15_85_cutoff_100.tsv	125	0f499ef329fb3f424eb8b66c1e32f3bb3921bdde6abb85120e1bf9e1ea128f51
directional_review	15:85	30:27	strong	strong	15:85	30:27	30:27	cross_surah	label_target_note	missing_ayah_suggestion	Repeated creation and divine ease reinforce the creation-to-return connection.	focus_15_85_cutoff_100.tsv	126	c74ba925747ba20b171eba6414af59854ad60a1c3a7432e0087000061e24f1b3
directional_review	15:85	32:11	medium	medium	15:85	32:11	32:11	cross_surah	label_target_note	missing_ayah_suggestion	Death and return to رب supply an immediate return trajectory.	focus_15_85_cutoff_100.tsv	127	3664eb50fa9748144074ae00fc45c05c15dcf4029233da2e023aa2705c55efa9
directional_review	15:85	35:41	medium	medium	15:85	35:41	35:41	cross_surah	label_target_note	missing_ayah_suggestion	Cosmic holding prevents collapse and supports an ordered, sustained frame.	focus_15_85_cutoff_100.tsv	128	aad3b25a44ae4ed1416f4e72c925d0015e489479b6d6047cc3eac70b04744d41
directional_review	15:85	36:79	medium	medium	15:85	36:79	36:79	cross_surah	label_target_note	missing_ayah_suggestion	First creation is invoked for revivification, directly strengthening arrival.	focus_15_85_cutoff_100.tsv	129	38541289469532d0eb62b3d46a1b587a2b45ad955ca70906e95cc7fa74805654
directional_review	15:85	36:82	strong	strong	15:85	36:82	36:82	cross_surah	label_target_note	missing_ayah_suggestion	The creative command gives an immediate power counterpart to the ساعة claim.	focus_15_85_cutoff_100.tsv	130	8e2aab00a2405e7bd7fdbfaa4d9a9a0f466876dd231b41667fc77a9858d19fcd
directional_review	15:85	38:10	medium	medium	15:85	38:10	38:10	cross_surah	label_target_note	missing_ayah_suggestion	ملك السماوات والأرض وما بينهما adds an omitted exact cosmic-interval authority frame.	focus_15_85_cutoff_100.tsv	131	8a79bece3ca6a1b1038bbbac622e9486d52d4a15de4a651f93ff6e75d750b07e
directional_review	15:85	39:42	medium	medium	15:85	39:42	39:42	cross_surah	label_target_note	missing_ayah_suggestion	Taking souls and returning them supplies a life/death threshold parallel.	focus_15_85_cutoff_100.tsv	132	a0f81717e69cc4880133e996e9bff53a367d45a895256a3777e5b77231acdd71
directional_review	15:85	39:68	medium	medium	15:85	39:68	39:68	cross_surah	label_target_note	missing_ayah_suggestion	Trumpet, cosmic collapse, and standing supply a concentrated arrival scene.	focus_15_85_cutoff_100.tsv	133	d6e3a5ef8d009150e420d30db91793597722326daa5d07c66f2996253342ec22
directional_review	15:85	40:57	strong	strong	15:85	40:57	40:57	cross_surah	label_target_note	missing_ayah_suggestion	Greater خلق of heavens and earth directly grounds capacity for human renewal.	focus_15_85_cutoff_100.tsv	134	762b72f5ba322ff005666bf9820b7f21ca53773ab8493caebc59472dbec9be6d
directional_review	15:85	41:34	strong	strong	15:85	41:34	41:34	cross_surah	label_target_note	missing_ayah_suggestion	Repelling with what is أحسن gives a strong ethical parallel to صفح جميل.	focus_15_85_cutoff_100.tsv	135	9b6c8eb17353b73f47e1500ab3b1663f5fc6165d15921843a69654ee8f06de60
directional_review	15:85	41:39	strong	strong	15:85	41:39	41:39	cross_surah	label_target_note	missing_ayah_suggestion	Revived earth explicitly supports the power to revive the dead.	focus_15_85_cutoff_100.tsv	136	6691c8bf2c60e7d04a2a05c3f99f3339015d798cb946abcdf11942d92fe8e983
directional_review	15:85	42:29	medium	medium	15:85	42:29	42:29	cross_surah	label_target_note	missing_ayah_suggestion	خلق السماوات والأرض and scattered creatures support gathered return by capacity.	focus_15_85_cutoff_100.tsv	137	a29ce77d2afdc4299b8752a24e862604c98a92b39aa6b40eb882fcbfcf826f61
directional_review	15:85	42:40	strong	strong	15:85	42:40	42:40	cross_surah	label_target_note	missing_ayah_suggestion	عفو with إصلاح directly joins pardon to repair and recompense restraint.	focus_15_85_cutoff_100.tsv	138	6d4c17c2479e00b59564dff049d7240371545ddadd114878458dc93838cdc818
directional_review	15:85	42:43	medium	medium	15:85	42:43	42:43	cross_surah	label_target_note	missing_ayah_suggestion	صبر and مغفرة provide a durable forgiveness parallel.	focus_15_85_cutoff_100.tsv	139	f379465c72c67e959c5aee1b64ab6acc95ecc5734cb844e2480d4b4e80e51641
directional_review	15:85	43:9	medium	medium	15:85	43:9	43:9	cross_surah	label_target_note	missing_ayah_suggestion	Question of the creator of heavens and earth reinforces creator recognition.	focus_15_85_cutoff_100.tsv	140	2c2aed2881f826327c7160f4872ad605f12cd0aba867f02c52689ddcd70bc4c9
directional_review	15:85	45:14	strong	strong	15:85	45:14	45:14	cross_surah	label_target_note	missing_ayah_suggestion	Forgiveness toward those not awaiting divine days links restraint with deferred recompense.	focus_15_85_cutoff_100.tsv	141	7e279414770c52f1a6ba85eee686b633103398d333b0c418bc0033067b476e54
directional_review	15:85	45:26	strong	strong	15:85	45:26	45:26	cross_surah	label_target_note	missing_ayah_suggestion	Life, death, gathering, and a no-doubt day directly reinforce the arrival horizon.	focus_15_85_cutoff_100.tsv	142	2a8d3fed0157a1bc874e640c776c1bd5e4f273a38c72196fcac0a542e3323037
directional_review	15:85	46:33	strong	strong	15:85	46:33	46:33	cross_surah	label_target_note	missing_ayah_suggestion	Cosmic creation without fatigue explicitly grounds power to revive the dead.	focus_15_85_cutoff_100.tsv	143	7159a154538aa833969f864c7abfbc67348e4bdf15e04fbe6096cb1e6a4f0560
directional_review	15:85	50:15	strong	strong	15:85	50:15	50:15	cross_surah	label_target_note	missing_ayah_suggestion	First creation versus new creation directly addresses renewal after death.	focus_15_85_cutoff_100.tsv	144	b273f73c5629a9808cbb480989e67aa8e60cf4225de3533f10ff47c773a5a8c0
directional_review	15:85	51:47	medium	medium	15:85	51:47	51:47	cross_surah	label_target_note	missing_ayah_suggestion	Sky construction and divine capacity extend the creation-scale reading.	focus_15_85_cutoff_100.tsv	145	4ffb281f89d06a1f8b81d769710f58b3858ada0d72fbbd9bd6a2c128bbe73aff
directional_review	15:85	52:35	strong	strong	15:85	52:35	52:35	cross_surah	label_target_note	missing_ayah_suggestion	Origin question presses the same creation-accountability challenge.	focus_15_85_cutoff_100.tsv	146	4b70d19db2b8d23e8569a5a348b1c5363185ed1188a1474cda474e42635ce135
directional_review	15:85	53:47	medium	medium	15:85	53:47	53:47	cross_surah	label_target_note	missing_ayah_suggestion	The later arising is explicitly assigned to the creator.	focus_15_85_cutoff_100.tsv	147	7a8178e0bd327911e01409a9b991db4873daf5fd1c5fcb8b7f6761f4c63df9dc
directional_review	15:85	56:47	strong	strong	15:85	56:47	56:47	cross_surah	label_target_note	missing_ayah_suggestion	Death, dust, and renewed raising state the contested arrival issue.	focus_15_85_cutoff_100.tsv	148	8494e28edab050b9d602f65e73c4b2986128f23c88b033be1a96a9b6c9678564
directional_review	15:85	56:49	strong	strong	15:85	56:49	56:49	cross_surah	label_target_note	missing_ayah_suggestion	Gathering at a known appointed day adds a direct ميقات horizon.	focus_15_85_cutoff_100.tsv	149	4b9f6ff5a2d8ac491e1188910eb6d09f2051cfd85643dd1242f98ba03463e482
directional_review	15:85	56:57	medium	medium	15:85	56:57	56:57	cross_surah	label_target_note	missing_ayah_suggestion	نحن خلقناكم gives an omitted explicit creation anchor.	focus_15_85_cutoff_100.tsv	150	e8daa6cbe84b28956feced16307d1d0538e192aaee295ce263ae09119b360748
directional_review	15:85	56:62	medium	medium	15:85	56:62	56:62	cross_surah	label_target_note	missing_ayah_suggestion	First arising is invoked as grounds for remembering renewed arising.	focus_15_85_cutoff_100.tsv	151	8c63bef6f9e8bb89a33c9999d8710543bb983e9fbfdb4d1524a088009d577293
directional_review	15:85	64:7	strong	strong	15:85	64:7	64:7	cross_surah	label_target_note	missing_ayah_suggestion	Denial of بعث and the sworn reply directly reinforce the focal ساعة certainty.	focus_15_85_cutoff_100.tsv	152	5448916737a49b3258c8c081054564b6a878fef28f92f6758cb67162210c3f95
directional_review	15:85	67:2	strong	strong	15:85	67:2	67:2	cross_surah	label_target_note	missing_ayah_suggestion	خلق الموت والحياة with testing gives purpose to created existence.	focus_15_85_cutoff_100.tsv	153	f50cbc86de33a2861c4e397aa428c40589db4d3e9033b3eb6693269f2c170515
directional_review	15:85	68:48	medium	medium	15:85	68:48	68:48	cross_surah	label_target_note	missing_ayah_suggestion	صبر لحكم ربك provides a deferred-judgment restraint parallel.	focus_15_85_cutoff_100.tsv	154	4d87754e05f278081a8e32c94f73a4cce0492f3517aeeaade02e2561bb99cd65
directional_review	15:85	70:6	strong	strong	15:85	70:6	70:6	cross_surah	label_target_note	missing_ayah_suggestion	They see it distant while it is seen near, directly intensifying the arrival clause.	focus_15_85_cutoff_100.tsv	155	0c2d1e4de95ca0630d97279c009364e0f182fe795dbdfdd87700c21d2eec521f
directional_review	15:85	75:3	medium	medium	15:85	75:3	75:3	cross_surah	label_target_note	missing_ayah_suggestion	Human gathering is posed as the central resurrection question.	focus_15_85_cutoff_100.tsv	156	444affc69ac9542cdd84e28df6f8cfdf2569ae38a6043cc15584e51e0c3450fa
directional_review	15:85	75:40	medium	medium	15:85	75:40	75:40	cross_surah	label_target_note	missing_ayah_suggestion	Creative origin grounds power to revive the dead.	focus_15_85_cutoff_100.tsv	157	d637d2a5e07eb71bf41a532e4b3336ea95337fbde44e346fb2fb351a84746a96
directional_review	15:85	76:24	medium	medium	15:85	76:24	76:24	cross_surah	label_target_note	missing_ayah_suggestion	صبر for the رب's judgment supplies a close endurance parallel.	focus_15_85_cutoff_100.tsv	158	51a49af66c10b088f9f272b9e9b61b750bb96139630148d1c7df1eac77a603ae
directional_review	15:85	78:17	strong	strong	15:85	78:17	78:17	cross_surah	label_target_note	missing_ayah_suggestion	يوم الفصل as ميقات supplies an explicit fixed-arrival horizon.	focus_15_85_cutoff_100.tsv	159	96dac5575f3222dbcca5491443c62ccdb1659ab11c68b48fbf11ddf2f2be1c17
reciprocal_nomination	15:85	2:29		medium	2:29	15:85	15:85	cross_surah	label_target_note	ranked_review	Creation of heavens and earth in truth adds another purpose reading, though earlier cards already give it more closely.	focus_2_29_cutoff_100.tsv	92	c301f182fb6e653040d64c8d95e1158cb1e2d7c815203f7d4a6a04eecd1de6b6
reciprocal_nomination	15:85	2:109		strong	2:109	15:85	15:85	cross_surah	label_target_note	ranked_review	It closely joins the certainty of the Hour with the command for beautiful overlooking.	focus_2_109_cutoff_100.tsv	87	50198ec997c39d303d4aade967728a72cbd14739c2a571ede7350a0832a2b5cd
reciprocal_nomination	15:85	2:117		medium	2:117	15:85	15:85	cross_surah	label_target_note	missing_ayah_suggestion	Creation of heavens and earth in truth offers a concise cosmological parallel.	focus_2_117_cutoff_100.tsv	115	fb86570ef18fc457fdc653ce54e27cdb5107ffc3950b2e3f28000630c0402d2a
reciprocal_nomination	15:85	2:153		medium	2:153	15:85	15:85	cross_surah	label_target_note	missing_ayah_suggestion	Adds the closely related command of beautiful forbearance.	focus_2_153_cutoff_100.tsv	115	d46681f6178b4f565ec52133d59f794562dfa51b467e8afbd33342ea08c550d9
reciprocal_counterevidence	15:85	3:90		no value	3:90	15:85	15:85	cross_surah	label_target_note	ranked_review	Creation in truth and gracious pardon are too general to add to the focus.	focus_3_90_cutoff_100.tsv	97	63ac09c0c85ba80c7386e7508099a5ecd6e91a1d3aaa7ebfb38e0fbaeef41cef
reciprocal_nomination	15:85	3:159		medium	3:159	15:85	15:85	cross_surah	label_target_note	missing_ayah_suggestion	Offers a gracious form of pardon, reinforcing the quality of forbearance without adding the focus's deliberative sequence.	focus_3_159_cutoff_100.tsv	120	6d96478c58ab63f4bd53a01299a7372fe6f52fe814c83bd53859c403f657e03f
reciprocal_nomination	15:85	4:149		strong	4:149	15:85	15:85	cross_surah	label_target_note	missing_ayah_suggestion	Directly commands safh jamil, a concentrated human-pardon parallel.	focus_4_149_cutoff_100.tsv	114	d6ab716c22c48f2b0cd45e328643b896077feffa510d6736aea1088f026d2259
reciprocal_nomination	15:85	5:13		strong	5:13	15:85	15:85	cross_surah	label_target_note	ranked_review	Beautiful turning aside is grounded in assured final judgment, clarifying non-retaliatory forbearance.	focus_5_13_cutoff_100.tsv	60	979e8f1204af71555265ffba996346e1869fadbb6cdff4b7a95b682aafa4c3eb
reciprocal_nomination	15:85	5:28		medium	5:28	15:85	15:85	cross_surah	label_target_note	missing_ayah_suggestion	Gracious pardon provides a concise parallel to restraint after wrong.	focus_5_28_cutoff_100.tsv	128	acd23c750aa8d4912e26774ed0aa77e95af5bc5cd1a5d0bc51731a467afd7bbe
reciprocal_nomination	15:85	5:45		weak	5:45	15:85	15:85	cross_surah	label_target_note	missing_ayah_suggestion	Graceful pardon is not tied to a claim or judgment.	focus_5_45_cutoff_100.tsv	144	973ca1bebc34933cd133eb94455e2c4c570d5303e393f849a6e944565a6f05dc
reciprocal_nomination	15:85	6:1		strong	6:1	15:85	15:85	cross_surah	label_target_note	missing_ayah_suggestion	Explicitly denies that heavens, earth, and what lies between were created without truth.	focus_6_1_cutoff_100.tsv	136	2210334ebe8a9ef13ec02b0a5ad2b3dfe1a0da63e8f8e147c37da548deff4f3c
reciprocal_nomination	15:85	6:73		medium	6:73	15:85	15:85	cross_surah	label_target_note	missing_ayah_suggestion	Direct cosmic creation-in-truth parallel.	focus_6_73_cutoff_100.tsv	109	80e98ae781755d2faef76d688c005a0f94a4425e989cc92e790ead17f676be0e
reciprocal_nomination	15:85	7:2		weak	7:2	15:85	15:85	cross_surah	label_target_note	missing_ayah_suggestion	A truth-and-hour statement offers no direct focus function.	focus_7_2_cutoff_100.tsv	156	033774d8f1f56882575cef3d7c27c81693833140b9009cd2a34cacd4c10e87f3
reciprocal_counterevidence	15:85	7:181		no value	7:181	15:85	15:85	cross_surah	label_target_note	ranked_review	Cosmic creation and the Hour do not add to the community's practice.	focus_7_181_cutoff_100.tsv	22	9451f3015064dee7ce99a241f6a9300ec1e8e73c7dc050d5940a9e7d2c949a12
reciprocal_nomination	15:85	7:185		strong	7:185	15:85	15:85	cross_surah	label_target_note	missing_ayah_suggestion	Creation in truth and the coming Hour closely combine the focus's two movements.	focus_7_185_cutoff_100.tsv	208	a2709f95bd448e42ae7b681b03564b076d8b94e9f8c28bd47b67dbb607bb77a2
reciprocal_nomination	15:85	7:187		strong	7:187	15:85	15:85	cross_surah	label_target_note	missing_ayah_suggestion	Explicitly affirms that the Hour is coming.	focus_7_187_cutoff_100.tsv	110	56a6c29b08925d50cac0f424df7e23223b072a33eb686114158337d4537bab08
reciprocal_nomination	15:85	7:199		strong	7:199	15:85	15:85	cross_surah	label_target_note	missing_ayah_suggestion	Direct command of beautiful pardon, a close parallel to the focus's first directive.	focus_7_199_cutoff_100.tsv	114	13003a0eff5bdc226d48ef7f8e14b5197f18b435e7b1d13c717d83c850fca8ad
reciprocal_nomination	15:85	9:6		medium	9:6	15:85	15:85	cross_surah	label_target_note	missing_ayah_suggestion	Gracious forbearance offers a broad ethical counterpart to the focus's protective restraint.	focus_9_6_cutoff_100.tsv	121	726ab6bcfee893882fa7b2dbf53e8c68dab07d6ee625e9098ca0cd50e35f3e5b
reciprocal_nomination	15:85	10:53		medium	10:53	15:85	15:85	cross_surah	label_target_note	missing_ayah_suggestion	Affirms the coming of the Hour, extending the promised-event horizon.	focus_10_53_cutoff_100.tsv	111	19a16ce8af0e2b8159b67331946dfd9fed22675d2497857a711508e899df5c9a
reciprocal_nomination	15:85	12:51		weak	12:51	15:85	15:85	cross_surah	label_target_note	ranked_review	Truth-grounded creation and forgiveness are too general to interpret the inquiry and confession.	focus_12_51_cutoff_100.tsv	98	ca3b1d9def01c2e8a4f6c160e44777eb07812f238338df2d9a122d21ad19eafe
reciprocal_nomination	15:85	12:83		medium	12:83	15:85	15:85	cross_surah	label_target_note	ranked_review	Beautiful forbearance grounded in a future resolution supports a non-retaliatory reading of patience.	focus_12_83_cutoff_100.tsv	79	96e306387b1f4e07978f8e9ad0ee71b538343cab3471497e7426beeb4dd1196f
reciprocal_nomination	15:85	12:90		medium	12:90	15:85	15:85	cross_surah	label_target_note	missing_ayah_suggestion	Beautiful pardon offers a direct ethical parallel to remission after remembered wrong.	focus_12_90_cutoff_100.tsv	141	a1b7136a14e03ffea8e301eff46cd3ac219bc82b5f3c195c932a78df58c60af4
reciprocal_nomination	15:85	12:92		strong	12:92	15:85	15:85	cross_surah	label_target_note	missing_ayah_suggestion	Commands a beautiful pardon, directly sharpening the manner of Joseph's release.	focus_12_92_cutoff_100.tsv	139	36c5648c7bb7d771a590e6a44d8b176b512e37fbb45e04e0bd643e68ddab31d7
reciprocal_nomination	15:85	13:22		medium	13:22	15:85	15:85	cross_surah	label_target_note	missing_ayah_suggestion	Güzel bağışlama, zarar verici muhataba karşı savmanın bağışlayıcı biçimini ekler.	focus_13_22_cutoff_100.tsv	135	c6f0079c240459f3ee0f453d896b365fb688df352737057981d7048bccb0ec7e
reciprocal_nomination	15:85	14:19		strong	14:19	15:85	15:85	cross_surah	label_target_note	ranked_review	Gökler, yer ve arasının hak ile yaratılışını ve nihai saati birlikte açıklar.	focus_14_19_cutoff_100.tsv	19	d6bcf68ba14e6f3e07efd33bd03370b7aa38cabb8e0cc66f0d72473846fc647a
reciprocal_nomination	15:85	15:8		strong	15:8	15:85	15:85	same_surah	label_target_note	ranked_review	Local creation bi-l-haqq and the coming Hour supply a later same-surah finality frame.	focus_15_8_cutoff_100.tsv	79	4a1769df8d4387f6dd701b6ec7777e372c0cc9a60f31be4eae9a2797b0c2a0b0
reciprocal_nomination	15:85	15:14		weak	15:14	15:85	15:85	same_surah	label_target_note	ranked_review	Cosmic creation in truth and the approaching Hour give only broad context.	focus_15_14_cutoff_100.tsv	71	272403c2cf34455474083ea44ec7314fae8bb36c437afe38bf34c02c688bd69b
reciprocal_nomination	15:85	15:16		weak	15:16	15:85	15:85	same_surah	label_target_note	ranked_review	Broad creation frame, but no specific addition after closer sky parallels.	focus_15_16_cutoff_100.tsv	47	3c6bd7ee2f44487c182a1288211ca75fa03a13089716dfcaa78da67fdc947e85
reciprocal_counterevidence	15:85	15:18		no value	15:18	15:85	15:85	same_surah	label_target_note	ranked_review	No material addition to the hearing-and-pursuit scene.	focus_15_18_cutoff_100.tsv	71	67e3905beadc7e3e2bfc225b8c491f842d8a7c14ccda3976226fc4362bf2717c
reciprocal_nomination	15:85	15:22		weak	15:22	15:85	15:85	same_surah	label_target_note	ranked_review	The local creation frame is too broad to specify the focus sequence.	focus_15_22_cutoff_100.tsv	80	4147b339c583e5d2bd8b3e707a7e93fb81a07d044a35e2ba3b4f38c879bb621d
reciprocal_nomination	15:85	15:23		weak	15:23	15:85	15:85	same_surah	label_target_note	ranked_review	Local creation-and-approaching-hour context has indirect value only.	focus_15_23_cutoff_100.tsv	47	70273b34e96e87853920817bfacf520ac77579358dae2455f5da573aa462bc04
reciprocal_nomination	15:85	15:57		medium	15:57	15:85	15:85	same_surah	label_target_note	ranked_review	The local truth-and-approaching-hour frame supports the seriousness of ensuing consequence.	focus_15_57_cutoff_100.tsv	50	7d6a76910875069700f574170785daaa5bd4aab93444177dfdbd8144569459f1
reciprocal_nomination	15:85	15:58		weak	15:58	15:85	15:85	same_surah	label_target_note	ranked_review	Supplies the passage's larger horizon of truth and the coming Hour, only indirectly.	focus_15_58_cutoff_100.tsv	89	e2ce4da8cf5d11626c0fb0676fca9196bcf64e0c6eb2af9bdbcc287c5e4ae22a
reciprocal_nomination	15:85	15:64		medium	15:64	15:85	15:85	same_surah	label_target_note	missing_ayah_suggestion	Joins creation in truth to the approaching decisive hour.	focus_15_64_cutoff_100.tsv	112	296cdbbe7e0df160bdcd21909ad14997ae721ff218b26d0791a348925e80c3be
reciprocal_nomination	15:85	15:79		medium	15:79	15:85	15:85	same_surah	label_target_note	ranked_review	Places the local sequence within truth, the coming Hour, and forbearance.	focus_15_79_cutoff_100.tsv	20	2ab451b056222ec53d07dc72a27875bf2b7c55ff193bf9d7ff480af06e8d1385
reciprocal_nomination	15:85	15:80		medium	15:80	15:85	15:85	same_surah	label_target_note	ranked_review	Yakın bağlamdaki hak ve saat vurgusu, 15:80 anlatısındaki karşılığın daha geniş hüküm düzeni içindeki yerini açar.	focus_15_80_cutoff_100.tsv	20	2aed086d6f49490e54250f93f540880cc4bb09b1c25d1a2b2fb8ee62a41b6ca8
reciprocal_nomination	15:85	15:81		medium	15:81	15:85	15:85	same_surah	label_target_note	ranked_review	Local channel context supplies a created order and appointed horizon around the episode.	focus_15_81_cutoff_100.tsv	8	2499f63faa0fdc63359de2e519c280d2b1a5b404ac1b29508e5787ce0a2c6a01
reciprocal_nomination	15:85	15:82		medium	15:82	15:85	15:85	same_surah	label_target_note	ranked_review	Immediate continuation places the episode within created truth and the approaching Hour.	focus_15_82_cutoff_100.tsv	8	6696c250e6a28cb4d69158a335fcfd72d66ab9429ee3126dcb029b66a0c7731c
reciprocal_nomination	15:85	15:83		medium	15:83	15:85	15:85	same_surah	label_target_note	ranked_review	Places the local seizure within the surah's truth and appointed-hour frame.	focus_15_83_cutoff_100.tsv	8	6c77d207dceb44cbe4f2194dc8605678b8183cf4109c5fbc4679ef907e2eca98
reciprocal_nomination	15:85	15:84		medium	15:84	15:85	15:85	same_surah	label_target_note	ranked_review	The immediate following horizon of truth and the coming Hour frames why the focus's failed gain is final rather than accidental.	focus_15_84_cutoff_100.tsv	8	22476dfe5f3826211f40979b564405f1103c2ad2690409aff5f01354b7f6ff94
reciprocal_nomination	15:85	15:86		strong	15:86	15:85	15:85	same_surah	label_target_note	ranked_review	Hakka dayalı yaratılış ve ertelenmiş saat, 15:86'nın güzel bağışlamaya dayanak oluşunu doğrudan bağlar.	focus_15_86_cutoff_100.tsv	8	27db2d44ef5668ba9c9251ef6189d8e8167328d57c4f1aef766a6b7312d2d26a
reciprocal_nomination	15:85	15:87		strong	15:87	15:85	15:85	same_surah	label_target_note	ranked_review	Hemen önceki yaratılış ve saat bağlamı, 15:87'nin büyük armağanını perikopun hak ve sabır eksenine yerleştirir.	focus_15_87_cutoff_100.tsv	56	74244971388a47ba0ff569acc162de5c514e5365d599f56e4e09354bc143720c
reciprocal_nomination	15:85	15:88		strong	15:88	15:85	15:85	same_surah	label_target_note	ranked_review	Its call to beautiful forbearance immediately advances the local response to opposition.	focus_15_88_cutoff_100.tsv	71	87191db338a7bcdfc5f554b4ae85178fe871805fe9d6544e9884c2edcac1ba46
reciprocal_nomination	15:85	15:89		strong	15:89	15:85	15:85	same_surah	label_target_note	ranked_review	Saat ve güzelce yüz çevirme emri, 15:89'daki ilan için doğrudan bağlamsal çerçeve kurar.	focus_15_89_cutoff_100.tsv	59	977389b17d1dadbdd40d66a65df7876b9dc5950be8706eee524987c96371f201
reciprocal_nomination	15:85	15:90		medium	15:90	15:85	15:85	same_surah	label_target_note	ranked_review	Local creation-and-judgment framing supports the warning's serious horizon.	focus_15_90_cutoff_100.tsv	74	2a083179481d54024f15055bab1242b2d726d5e0e244c5d1c93d68e2cad3d348
reciprocal_nomination	15:85	15:91		medium	15:91	15:85	15:85	same_surah	label_target_note	ranked_review	Adds the immediate claim that creation is ordered in truth before the Qur'an is named.	focus_15_91_cutoff_100.tsv	59	bff0cd05b716b0030ed1848bf592b4e0919ff7a8a6b3abb2232e1baecf9a697d
reciprocal_nomination	15:85	15:92		medium	15:92	15:85	15:85	same_surah	label_target_note	ranked_review	Truth, the coming Hour, and forbearance frame the focus's imminent account.	focus_15_92_cutoff_100.tsv	62	8cf1262e2abc6ea3ce83fa0c2d7f11d9eb81cf1977eebed823f001ecddd24839
reciprocal_nomination	15:85	15:93		strong	15:93	15:85	15:85	same_surah	label_target_note	ranked_review	Provides the imminent-hour frame immediately before the focal closing sequence.	focus_15_93_cutoff_100.tsv	59	6405ef25aa07d889461358958edb6c77a3879ba5a92829ccafe694b0c3c87782
reciprocal_nomination	15:85	15:94		strong	15:94	15:85	15:85	same_surah	label_target_note	ranked_review	Immediate linked context joins cosmic truth, the approaching Hour, and beautiful forbearance before 15:94's command.	focus_15_94_cutoff_100.tsv	74	5bcdb967a8643defac9347b6769ce30202879fbc36f4a3d84b58753936004859
reciprocal_nomination	15:85	15:95		strong	15:95	15:85	15:85	same_surah	label_target_note	ranked_review	Güzelce bağışlama emri, 15:95'te koruma altında misillemeden uzak duruşu destekler.	focus_15_95_cutoff_100.tsv	56	06dfb96d552cf5a969102f54cc91d67f3b2f13667531ecd7107c54b5ebe7facd
reciprocal_nomination	15:85	15:96		strong	15:96	15:85	15:85	same_surah	label_target_note	ranked_review	Saatin gelişi ve güzelce yüz çevirme, odaktaki gelecek bilme ile tebliğ tavrının yakın çerçevesini verir.	focus_15_96_cutoff_100.tsv	68	dd748ff4912e19d5e6decf1c8c5e90ed5055207280d0e54444e1f427765300f7
reciprocal_nomination	15:85	15:97		strong	15:97	15:85	15:85	same_surah	label_target_note	ranked_review	Gerçek ve yaklaşan saat çerçevesinde güzelce bağışlama, baskı altındaki tavrı 15:97 öncesinde hazırlar.	focus_15_97_cutoff_100.tsv	68	85f3635481e3306306f9e80880d8f90d7411a5b6ec1473116254313d00ddcbbd
reciprocal_nomination	15:85	15:98		medium	15:98	15:85	15:85	same_surah	label_target_note	ranked_review	Immediate command to a beautiful turning adds the local conduct preceding 15:98.	focus_15_98_cutoff_100.tsv	65	930f42ee707354bf0e07495e4c279a599d4be122c532d24ff7601de3df5a1a3f
reciprocal_nomination	15:85	15:99		strong	15:99	15:85	15:85	same_surah	label_target_note	ranked_review	Immediate context joins assured final arrival with a present gracious response, closely anticipating 15:99.	focus_15_99_cutoff_100.tsv	71	db04767a0b64da757598b705eade16c7fd5fe819ac82a3cb35be018452412802
reciprocal_nomination	15:85	16:3		strong	16:3	15:85	15:85	cross_surah	label_target_note	ranked_review	Exact creation بالحق plus the approaching Hour gives a close purpose horizon.	focus_16_3_cutoff_100.tsv	58	058d10898a3347dab579cb0b68e67325ddd189ca9da95546449416214c413371
reciprocal_nomination	15:85	16:6		medium	16:6	15:85	15:85	cross_surah	label_target_note	missing_ayah_suggestion	Beautiful pardon preserves another جميل ethical formulation in a distinct domain.	focus_16_6_cutoff_100.tsv	112	7e9e20c054453a88b60b78c20b50497335c1511d6bfffd38ad9037819b53180f
reciprocal_nomination	15:85	16:126		medium	16:126	15:85	15:85	cross_surah	label_target_note	missing_ayah_suggestion	Joins a just command with gracious turning away, preserving both justice and restraint.	focus_16_126_cutoff_100.tsv	178	903bffc183ecc21a3cce83b0ff1935fee27af62f523c2877a8eeff32c9a131cf
reciprocal_nomination	15:85	17:81		weak	17:81	15:85	15:85	cross_surah	label_target_note	missing_ayah_suggestion	Göklerin ve yerin hakla yaratılması, hak kavramının kozmik boyutuna ikincil destek sağlar.	focus_17_81_cutoff_100.tsv	130	0a3abb619e4e9ad5cd2600af35eec956d8bae51a1570f797affb317fc6c9021d
reciprocal_counterevidence	15:85	17:92		no value	17:92	15:85	15:85	cross_surah	label_target_note	ranked_review	Does not materially clarify the focus.	focus_17_92_cutoff_100.tsv	92	4f1c175183a3529fb93efd09e43c94e75175233f488c44e1973ae701029ecfce
reciprocal_nomination	15:85	18:21		medium	18:21	15:85	15:85	cross_surah	label_target_note	ranked_review	Pairs creation in truth with the approaching Hour, but less directly than earlier cards.	focus_18_21_cutoff_100.tsv	53	5e9b9be75334666c09aad0e4509a4ca29d5be88f713ee6056454c5c895e91449
reciprocal_nomination	15:85	18:48		medium	18:48	15:85	15:85	cross_surah	label_target_note	missing_ayah_suggestion	The Hour is surely coming, so its certainty shapes the present warning.	focus_18_48_cutoff_100.tsv	251	8dea7d7919bb73ed612669085bc00aa188c69671a24459db12d9d1b70fc07761
reciprocal_nomination	15:85	18:69		medium	18:69	15:85	15:85	cross_surah	label_target_note	missing_ayah_suggestion	The command for gracious patience offers a direct but general model of restrained response.	focus_18_69_cutoff_100.tsv	135	c89bafc5c8d0eac137c2bbe098464f7474b472926d94f7076e3f3fd64ce9989f
reciprocal_nomination	15:85	19:39		strong	19:39	15:85	15:85	cross_surah	label_target_note	missing_ayah_suggestion	Affirms that the Hour is certainly coming, underpinning the command to warn.	focus_19_39_cutoff_100.tsv	122	e4e5f4859c337b9260f2624db2b2d85b52137dd9baff18053ce6bdfa5c3292b3
reciprocal_nomination	15:85	19:47		medium	19:47	15:85	15:85	cross_surah	label_target_note	missing_ayah_suggestion	Commands a gracious turning away after proclaiming the truth.	focus_19_47_cutoff_100.tsv	136	2df9882328817dc3fd28c251ac8d43a92c2695ecc9d5248bcdb1b41112bd1540
reciprocal_nomination	15:85	19:90		medium	19:90	15:85	15:85	cross_surah	label_target_note	ranked_review	Heaven and earth are created in truth and the Hour is coming, supplying eschatological context for the focus's upheaval.	focus_19_90_cutoff_100.tsv	91	c6c2c20812fdac8eed78649099b4c209a9d2c12715acef7e3f478145ce5eb110
reciprocal_nomination	15:85	20:4		weak	20:4	15:85	15:85	cross_surah	label_target_note	missing_ayah_suggestion	Creation of heavens, earth, and what lies between them in truth offers a redundant cosmic parallel.	focus_20_4_cutoff_100.tsv	158	1c669b775dc93fc11e18814766c3867694cd06ac0751b59be7ef0640ab5142bf
reciprocal_nomination	15:85	20:6		medium	20:6	15:85	15:85	cross_surah	label_target_note	ranked_review	Creation of heaven, earth, and between with purpose supplies a close teleological counterpart.	focus_20_6_cutoff_100.tsv	46	b2f8d42dcebc237d80133ae224def55ab57ede2f3f152414913c110e3bc72a56
reciprocal_nomination	15:85	20:15		strong	20:15	15:85	15:85	cross_surah	label_target_note	missing_ayah_suggestion	Directly announces that the Hour is coming and calls for gracious forbearance until it does.	focus_20_15_cutoff_100.tsv	116	ee332e6615e6f5f10e4c381562b38e2a7d4120374c86519839f01889e2ca6890
reciprocal_nomination	15:85	21:16		strong	21:16	15:85	15:85	cross_surah	label_target_note	ranked_review	Creation in truth is joined to the certainty of the Hour, giving the focus's denial of play an eschatological horizon.	focus_21_16_cutoff_100.tsv	16	dacfd742631ae6d1aa0779a1684a5db5c79d329db9c0b3a30c2764f1cf5367e7
reciprocal_nomination	15:85	21:17		medium	21:17	15:85	15:85	cross_surah	label_target_note	missing_ayah_suggestion	Creation of heaven, earth, and what lies between them in truth closely supports the local contrast between truth and play.	focus_21_17_cutoff_100.tsv	108	8f30ce5d5838c769d6f53297a38838db429eccca2858401d218da66bdde46381
reciprocal_nomination	15:85	22:18		weak	22:18	15:85	15:85	cross_surah	label_target_note	ranked_review	Creation of heaven and earth in truth and the coming Hour supply a broad cosmic and eschatological frame.	focus_22_18_cutoff_100.tsv	100	63db636c51e50d42910bb169947944367f83dee422c31e9fe82707591d61b60c
reciprocal_nomination	15:85	22:55		medium	22:55	15:85	15:85	cross_surah	label_target_note	missing_ayah_suggestion	It affirms that the Hour is surely coming, adding certainty to the focus's sudden arrival.	focus_22_55_cutoff_100.tsv	118	74e05a9a75db80d6fa65414614be0d19d496f4211c0f79aab0e608ab4447bba5
reciprocal_nomination	15:85	22:60		strong	22:60	15:85	15:85	cross_surah	label_target_note	missing_ayah_suggestion	The command for beautiful forgiveness provides an explicit non-retaliatory response to rejection and harm.	focus_22_60_cutoff_100.tsv	135	a28c5bc96931bf041c7f6688022635a718c9098d26ef020ce6f960b310bd90f9
reciprocal_nomination	15:85	23:17		strong	23:17	15:85	15:85	cross_surah	label_target_note	missing_ayah_suggestion	States that heavens, earth, and what lies between were created only in truth.	focus_23_17_cutoff_100.tsv	119	2663f1714ab8be0e5760e81a2888ba630c0f8cf80db5364cb436a04018429f81
reciprocal_nomination	15:85	23:71		strong	23:71	15:85	15:85	cross_surah	label_target_note	ranked_review	Creation of heaven and earth in truth directly supports the focus's claim that their order cannot follow desires.	focus_23_71_cutoff_100.tsv	12	3c01b1fa7ba1f7d0580a547a72969dfccafeff4d413284de50b229720a14ae54
reciprocal_nomination	15:85	23:96		medium	23:96	15:85	15:85	cross_surah	label_target_note	missing_ayah_suggestion	The command to forgive with gracious forgiveness closely supports the focus's better response.	focus_23_96_cutoff_100.tsv	117	f1861d106060d69e02795aa7aa3df4a302f4783347514676ebcf5957de53c4d2
reciprocal_nomination	15:85	24:22		strong	24:22	15:85	15:85	cross_surah	label_target_note	ranked_review	Commands a beautiful overlooking, a direct complement to the focus's pardon.	focus_24_22_cutoff_100.tsv	30	6ab4d5429ae8028d6d30785af220b1d298318d9278a5b9d5c86db21d750298fd
reciprocal_nomination	15:85	24:42		medium	24:42	15:85	15:85	cross_surah	label_target_note	missing_ayah_suggestion	Heaven, earth, and what is between them are created only in truth and toward the coming Hour.	focus_24_42_cutoff_100.tsv	141	980a614864d4b294f94fb1d412ffb815af85533809bd1f70123ac943ce6e0eb1
reciprocal_nomination	15:85	25:59		strong	25:59	15:85	15:85	cross_surah	label_target_note	ranked_review	It repeats creation of heavens, earth, and what lies between as founded on truth and tied to the coming Hour.	focus_25_59_cutoff_100.tsv	76	f3c5ef32d7938581e902598c52cdf92f46dcfd5fb9a28b2de61ecd403a28dfdc
reciprocal_nomination	15:85	26:24		strong	26:24	15:85	15:85	cross_surah	label_target_note	ranked_review	It affirms the truthful creation of heaven, earth, and what lies between them.	focus_26_24_cutoff_100.tsv	28	057da46603c0e86c7ac4a3f38a73d5ead96de3faee0ca491b16160305e20ead1
reciprocal_nomination	15:85	26:28		weak	26:28	15:85	15:85	cross_surah	label_target_note	ranked_review	It affirms creation in truth and the coming Hour, but is less focused than earlier cosmic parallels.	focus_26_28_cutoff_100.tsv	40	43c8e11f1922a5c6ccaaf3270f7840ee34628a522e49e9501a76f734243e4b86
reciprocal_nomination	15:85	26:215		medium	26:215	15:85	15:85	cross_surah	label_target_note	missing_ayah_suggestion	Güzel bağışlama buyruğu, peygamberin karşılaştığı dirençte bile koruyucu ve alçakgönüllü tavrını destekler.	focus_26_215_cutoff_100.tsv	118	0160ba7bb70bc700d52a5d9dff6b07e619f075c531f426e2c7ab2bb9dc70bf05
reciprocal_nomination	15:85	27:87		strong	27:87	15:85	15:85	cross_surah	label_target_note	ranked_review	Creation in truth and the certainty of the Hour directly frame the impending final event.	focus_27_87_cutoff_100.tsv	69	e6800b2a47d1b55efe4a4162d269639a973fbdaf2feca65617d26807787f8cd4
reciprocal_counterevidence	15:85	28:48		no value	28:48	15:85	15:85	cross_surah	label_target_note	ranked_review	Yaratilisin hak ile olmasi ve saatin gelisi, fokus ayetin vahiy talebiyle dogrudan bagli degildir.	focus_28_48_cutoff_100.tsv	98	7d603911d48ce2fa5503ddde99e80f194d8318578185a340fd60fcfc37c3cf4b
reciprocal_nomination	15:85	28:55		medium	28:55	15:85	15:85	cross_surah	label_target_note	missing_ayah_suggestion	Güzel bir ayrılıkla yüz çevirme emri, odaktaki selamla tamamlanan geri çekilmeye yakındır.	focus_28_55_cutoff_100.tsv	111	0a6c84b8996457cf5790dcbecf0a3aa263c3dcc19e29c1e041c931ec939e7be3
reciprocal_nomination	15:85	29:34		weak	29:34	15:85	15:85	cross_surah	label_target_note	ranked_review	Creation in truth and the coming Hour provide only a general justice horizon.	focus_29_34_cutoff_100.tsv	96	b05c4804dbde74b524a7150c9e05ae2591fea488e69055029a9308222feb9e72
reciprocal_nomination	15:85	29:44		medium	29:44	15:85	15:85	cross_surah	label_target_note	ranked_review	It repeats creation of the heavens, earth, and what lies between only with truth, adding the approaching Hour.	focus_29_44_cutoff_100.tsv	64	0ecf266429218b19a1a38d46f41459f989a8b9f96f978f1b3964667d2c7ae90b
reciprocal_nomination	15:85	30:8		strong	30:8	15:85	15:85	cross_surah	label_target_note	ranked_review	It repeats that heavens, earth, and what lies between were created in truth and connects this to the coming Hour.	focus_30_8_cutoff_100.tsv	13	81f154134293e344fa2064ac5b21e594349669c7d02642d6adae11da0bee334b
reciprocal_nomination	15:85	31:18		weak	31:18	15:85	15:85	cross_surah	label_target_note	ranked_review	Beautiful forgiveness gives a general relational counterpoint, but no direct account of pride.	focus_31_18_cutoff_100.tsv	98	9afbbba628d3762eb5487ccd821be3fd0316a219848e500a26ba7817d7c1a707
reciprocal_nomination	15:85	33:27		weak	33:27	15:85	15:85	cross_surah	label_target_note	ranked_review	The purposeful creation of heaven and earth is a broad cosmic premise, not a transfer of property.	focus_33_27_cutoff_100.tsv	96	359b134e0a439638fb21b9637c7a54e2e474d448e7222abed4bc38d697690c07
reciprocal_nomination	15:85	33:28		weak	33:28	15:85	15:85	cross_surah	label_target_note	ranked_review	Beautiful pardon supplies a broad ethical resonance for graceful non-retaliation, not marital release.	focus_33_28_cutoff_100.tsv	17	9161ede47449c8696fe2e8aa8d35fb12621cfbd6913491e4c096ab56297d77c6
reciprocal_nomination	15:85	33:49		medium	33:49	15:85	15:85	cross_surah	label_target_note	ranked_review	Beautiful pardon parallels the focus's ethical form of letting go.	focus_33_49_cutoff_100.tsv	48	305ba9ed2220421c7650a19471a28bc1a97dbd6187b50cad7266606c38293bcd
reciprocal_nomination	15:85	34:3		strong	34:3	15:85	15:85	cross_surah	label_target_note	ranked_review	Affirms both purposeful creation and the certainly coming Hour.	focus_34_3_cutoff_100.tsv	43	27e6e13b8e4854c28ce198c2e6fb10b4537759947293bd26def4ed489db50537
reciprocal_nomination	15:85	34:9		medium	34:9	15:85	15:85	cross_surah	label_target_note	ranked_review	Creation of heavens and earth in truth and the certainty of the Hour give the focus's cosmic sign an explicit judgment horizon.	focus_34_9_cutoff_100.tsv	98	4deb7197060b68d369f0d01ed6399b350f7c4021838057107293b2e87e15fc9f
reciprocal_nomination	15:85	34:49		medium	34:49	15:85	15:85	cross_surah	label_target_note	ranked_review	Creation is made in truth and the Hour is surely coming, giving a broad purposeful-order parallel.	focus_34_49_cutoff_100.tsv	98	e2a29ae10a99fef54920b4d2b067a135321f54d7c5f7bb0e170a4e5b93d7a060
reciprocal_nomination	15:85	35:16		medium	35:16	15:85	15:85	cross_surah	label_target_note	ranked_review	Purposeful creation and the coming Hour support the larger horizon, but not the replacement claim itself.	focus_35_16_cutoff_100.tsv	18	1cfd4905a3b449cb947fa797a027123c4e9365698aa7f5113e9425a11faabf09
reciprocal_nomination	15:85	35:24		medium	35:24	15:85	15:85	cross_surah	label_target_note	ranked_review	Yaratılışın hak ile oluşunu ve saatin gelişini birlikte bildirerek sakındırıcı hak ufkunu destekler.	focus_35_24_cutoff_100.tsv	90	6c50b3829eb216fe5698950af30e5a154f6eb9577a7a254d77ac88306b7a58c2
reciprocal_nomination	15:85	36:45		medium	36:45	15:85	15:85	cross_surah	label_target_note	ranked_review	The Hour's certain arrival supplies an approaching event within the focus's temporal vigilance.	focus_36_45_cutoff_100.tsv	35	54456ece1af3cfe57189ac6416287ccf31057c5f5d79d8893b1e73157dfae11f
reciprocal_nomination	15:85	36:68		medium	36:68	15:85	15:85	cross_surah	label_target_note	ranked_review	Truthful creation and the coming Hour support final accountability after decline.	focus_36_68_cutoff_100.tsv	92	a4935f7ece24c163f37e34801cead52a1a307488b4f7d10a328fc303b042d913
reciprocal_nomination	15:85	36:81		medium	36:81	15:85	15:85	cross_surah	label_target_note	ranked_review	Purposeful cosmic creation and the coming Hour explicitly associate creation with final fulfillment.	focus_36_81_cutoff_100.tsv	77	9301b6172cafc9f1c39f01c52c7f2f8535e9c17e8ecffc0fba7fc5475024ebd4
reciprocal_nomination	15:85	37:5		strong	37:5	15:85	15:85	cross_surah	label_target_note	ranked_review	The heavens-earth-between formula and purposeful creation closely parallel the focus's domain.	focus_37_5_cutoff_100.tsv	67	4afdf522e3d0cb8f434bff3924d0120e6e1db478430c9567931d066947847f6e
reciprocal_nomination	15:85	37:174		medium	37:174	15:85	15:85	cross_surah	label_target_note	missing_ayah_suggestion	The command for gracious forbearance supports the focus's restrained rather than retaliatory disengagement.	focus_37_174_cutoff_100.tsv	111	d7b3fb245337bea14cf172511c1d6081a9dce06a78c737190ebda37772938e13
reciprocal_nomination	15:85	38:9		medium	38:9	15:85	15:85	cross_surah	label_target_note	ranked_review	Creation of the heavens and earth in truth supports the cosmic dominion assumed in the immediate continuation.	focus_38_9_cutoff_100.tsv	62	e527329df2abbc0cb3b6a0b09b682f5fc4424a25292d91b557d66b70eb95cfd1
reciprocal_nomination	15:85	38:10		medium	38:10	15:85	15:85	cross_surah	label_target_note	ranked_review	True creation of the heavens, earth, and interval supplies the purposeful order behind the focus.	focus_38_10_cutoff_100.tsv	68	eb283a84fe60b266d206b89b3e700db014a56fc3716f185e32ea3578c6e25a08
reciprocal_nomination	15:85	38:24		medium	38:24	15:85	15:85	cross_surah	label_target_note	missing_ayah_suggestion	Gracious forgiveness offers a compressed restorative counterpoint to the focus's discovered wrong.	focus_38_24_cutoff_100.tsv	190	d35333ab45d34511d149971b4d710c9b6b867f8874b1c4f261eeacab5121846a
reciprocal_nomination	15:85	38:26		medium	38:26	15:85	15:85	cross_surah	label_target_note	missing_ayah_suggestion	Creation is established in truth and the coming Hour supplies its final horizon.	focus_38_26_cutoff_100.tsv	140	355f5a23a505e369f38a6e66334fba402eb7fc6b4b1462acf669fec3b39bf0a0
reciprocal_nomination	15:85	38:27		strong	38:27	15:85	15:85	cross_surah	label_target_note	ranked_review	Creation is declared to be in truth and the Hour certain, directly joining cosmic purpose to final consequence.	focus_38_27_cutoff_100.tsv	10	34f6346b568bbd959fcae67d2cae6b9806e39a522c83c399b22fb8073c202167
reciprocal_nomination	15:85	38:66		strong	38:66	15:85	15:85	cross_surah	label_target_note	ranked_review	Heaven, earth, and their interval are created in truth and oriented toward an appointed Hour.	focus_38_66_cutoff_100.tsv	64	53c6175b4b62b6d677c7f36bfedf573b6c85b0499fbddbc3704c8bbb28bfcbc8
reciprocal_nomination	15:85	40:25		weak	40:25	15:85	15:85	cross_surah	label_target_note	ranked_review	Creation in truth is a broad theological use of truth, not the focus's arriving proof and reaction.	focus_40_25_cutoff_100.tsv	99	64ccb4a52fc6a4548c82d8dd5f092f42395d9e294437fa1a13ce1687696a756a
reciprocal_nomination	15:85	40:59		medium	40:59	15:85	15:85	cross_surah	label_target_note	ranked_review	It confirms that the Hour is surely coming, but adds only creation's truth and the command to pardon.	focus_40_59_cutoff_100.tsv	9	c14e7157c3b4582c71edf552c18acecf7029c090d718a160b994a95965dc0ec7
reciprocal_nomination	15:85	41:34		strong	41:34	15:85	15:85	cross_surah	label_target_note	missing_ayah_suggestion	Commands a gracious form of overlooking wrong.	focus_41_34_cutoff_100.tsv	121	349e2566ed72f1dd60b6af890ae25800d58e9d5a3aaebd18228747984f066fb3
reciprocal_nomination	15:85	41:47		medium	41:47	15:85	15:85	cross_surah	label_target_note	missing_ayah_suggestion	Affirms that the Hour is certainly coming, without specifying its time.	focus_41_47_cutoff_100.tsv	102	1b803b455eec911d7315805f07b18bc53e78295078565bd709b359da146a7c13
reciprocal_nomination	15:85	42:17		strong	42:17	15:85	15:85	cross_surah	label_target_note	ranked_review	Yaratılışın hak üzere oluşu ile Saatin kesin gelişi, hak ve yaklaşan sonuç arasındaki bağı açar.	focus_42_17_cutoff_100.tsv	13	5f30f655f96059b1d40afe5564e2f0d98dff5241fdf498ae6a88f6f802d105d7
reciprocal_nomination	15:85	42:31		weak	42:31	15:85	15:85	cross_surah	label_target_note	ranked_review	Creation in truth and the coming Hour give broad grounds for the focus's warning but no direct link.	focus_42_31_cutoff_100.tsv	96	b3c108396d5a4f5285b6d2f85abafbed6c3a0c6b0db88a7aac28b3ff19bd5cf8
reciprocal_nomination	15:85	42:37		strong	42:37	15:85	15:85	cross_surah	label_target_note	missing_ayah_suggestion	Commands a gracious form of forgiveness in the face of denial.	focus_42_37_cutoff_100.tsv	125	49c32b5b6475dd8a271df29f201f575c789293772e5d31dbbe5839a3e29e5972
reciprocal_nomination	15:85	42:40		medium	42:40	15:85	15:85	cross_surah	label_target_note	missing_ayah_suggestion	Commands a gracious pardon in the face of opposition.	focus_42_40_cutoff_100.tsv	113	4b68ff9286ff230d160d4654236d6cd8fdcb89f8569bc9315b17147d837bbbf0
reciprocal_nomination	15:85	42:43		medium	42:43	15:85	15:85	cross_surah	label_target_note	missing_ayah_suggestion	The command to overlook graciously supports the focus's non-retaliatory posture without naming patience.	focus_42_43_cutoff_100.tsv	111	fca09b3bf31076b2382c870ca132d2d311be6c6de3487a41c51def5d121f5765
reciprocal_nomination	15:85	43:5		medium	43:5	15:85	15:85	cross_surah	label_target_note	ranked_review	The command for beautiful overlooking under certain judgment closely clarifies safh as patient restraint rather than indifference.	focus_43_5_cutoff_100.tsv	61	41e578d26cbba1da06aa788e4743c86ee2e13f8ea0ece566c203f7be3739e838
reciprocal_nomination	15:85	43:61		medium	43:61	15:85	15:85	cross_surah	label_target_note	missing_ayah_suggestion	It affirms that the Hour is certainly coming and commands gracious restraint.	focus_43_61_cutoff_100.tsv	109	d89ea86baff5a9f5c5ba6b640a0a0612a437e6d749dbdf9f3efedab1af7921c2
reciprocal_nomination	15:85	43:65		medium	43:65	15:85	15:85	cross_surah	label_target_note	ranked_review	Creation in truth and the coming Hour frame present forbearance within a certain final reckoning.	focus_43_65_cutoff_100.tsv	98	165b45e3c9c95bb1f2daa6aaf4e8aa09d6f68ca4556a6ede09c69252b465d0f6
reciprocal_nomination	15:85	43:66		strong	43:66	15:85	15:85	cross_surah	label_target_note	ranked_review	It directly affirms that the Hour is coming within a truth-governed creation.	focus_43_66_cutoff_100.tsv	73	1d47973970c0946a5cd51f537ce280c1236fa38727b7aa4f71d538277f0bd10a
reciprocal_nomination	15:85	43:85		strong	43:85	15:85	15:85	cross_surah	label_target_note	missing_ayah_suggestion	Gokler, yer ve aralarinin hak ile yaratilisi ve saatin gelecegi, odaktaki tam alan ile saat bagini cok yakindan tekrarlar.	focus_43_85_cutoff_100.tsv	120	6fa985dc627f19d5a0e4799a34e75da5d2a034a00e0ded021f87e06f8e89af20
reciprocal_nomination	15:85	43:86		weak	43:86	15:85	15:85	cross_surah	label_target_note	ranked_review	Creation in truth and the coming Hour are broad eschatological context only.	focus_43_86_cutoff_100.tsv	100	633ee24548cb2982b50f7697ea3fc51166cee3522a3bb25022279f50841df532
reciprocal_nomination	15:85	43:89		strong	43:89	15:85	15:85	cross_surah	label_target_note	ranked_review	The command for beautiful turning aside is grounded in the coming Hour, closely joining release and deferred judgment.	focus_43_89_cutoff_100.tsv	28	79cf5919f6c59ed85c6f10a286e5f494e6e9878e91f5689a408570b6486652b9
reciprocal_nomination	15:85	44:7		strong	44:7	15:85	15:85	cross_surah	label_target_note	ranked_review	It repeats the cosmic formula, affirms creation in truth, and connects it to the certainty of the Hour.	focus_44_7_cutoff_100.tsv	25	8ec0ccfa755b61a2afa08890c4370dd0a446a90cb25bb9b920b321b4c3f78278
reciprocal_nomination	15:85	44:38		strong	44:38	15:85	15:85	cross_surah	label_target_note	ranked_review	States that heavens, earth, and what lies between were created only in truth.	focus_44_38_cutoff_100.tsv	7	2663f1714ab8be0e5760e81a2888ba630c0f8cf80db5364cb436a04018429f81
reciprocal_nomination	15:85	44:39		strong	44:39	15:85	15:85	cross_surah	label_target_note	ranked_review	Nearly repeats creation in truth and explicitly announces the coming Hour.	focus_44_39_cutoff_100.tsv	59	e0b267d0221e2f2c1bcc5fbc0dbb36bcd1713ad89f737fdae2e14d57ee030ddd
reciprocal_nomination	15:85	45:14		strong	45:14	15:85	15:85	cross_surah	label_target_note	missing_ayah_suggestion	Commands a beautiful form of forgiveness, directly supplying a restraint parallel.	focus_45_14_cutoff_100.tsv	129	55c0b0a140df600157b097fb3ff91430421278ff6fbc2388c663665824dd3651
reciprocal_nomination	15:85	45:22		strong	45:22	15:85	15:85	cross_surah	label_target_note	missing_ayah_suggestion	Goklerin, yerin ve aralarindakinin hak ile yaratilisini dogrudan bildirir.	focus_45_22_cutoff_100.tsv	122	c0e426b5016ebedafb53e8bfdac72aa0a906d61192b73d4c2e7399adf3af37ff
reciprocal_nomination	15:85	45:27		medium	45:27	15:85	15:85	cross_surah	label_target_note	missing_ayah_suggestion	Joins truthful creation of heaven and earth with the certain coming of the Hour.	focus_45_27_cutoff_100.tsv	107	70fd296467df84e159b88b3bb4b34ac74f32efc316f9225fcdcfaac270ae659c
reciprocal_nomination	15:85	45:32		strong	45:32	15:85	15:85	cross_surah	label_target_note	missing_ayah_suggestion	وَإِنَّ ٱلسَّاعَةَ لَءَاتِيَةٌۭ is a direct Hour assertion.	focus_45_32_cutoff_100.tsv	111	739a0bb084378294b3a9a3d5706851d388ebeed32d207a9a23a10c336b08438e
reciprocal_nomination	15:85	46:3		strong	46:3	15:85	15:85	cross_surah	label_target_note	ranked_review	يؤكد خلق السماوات والأرض وما بينهما بالحق، ويصل ذلك بإتيان الساعة.	focus_46_3_cutoff_100.tsv	1	ec983030cc99f071a5aec9ff1b2f9a3fac9e8761c8deb4dcf1ceb983994925cd
reciprocal_nomination	15:85	48:28		medium	48:28	15:85	15:85	cross_surah	label_target_note	ranked_review	Places creation in truth and directs attention to the coming Hour.	focus_48_28_cutoff_100.tsv	41	f52170a2554c31270cb33672c5554adbac045fa578a059696039e62d97495bdf
reciprocal_nomination	15:85	50:38		strong	50:38	15:85	15:85	cross_surah	label_target_note	ranked_review	Near-verbatim cosmic scope joined to truth and the coming Hour.	focus_50_38_cutoff_100.tsv	43	96c688c2a5f295a8b7ab8b00b617d51eeb6fc7f19cae6cfad91f6484153f4490
reciprocal_nomination	15:85	51:5		strong	51:5	15:85	15:85	cross_surah	label_target_note	missing_ayah_suggestion	Asserts that the Hour is coming, directly supplying event certainty.	focus_51_5_cutoff_100.tsv	113	9c7e9b1ecfa6e67df19362a0fe54e7dabe1c5e41cd80fdb4ef9ad13cf2f3d19d
reciprocal_nomination	15:85	51:23		strong	51:23	15:85	15:85	cross_surah	label_target_note	missing_ayah_suggestion	Links heavens and earth with haq, closely matching the cosmic scope of 51:23.	focus_51_23_cutoff_100.tsv	109	5aa538aa6594e4c5a433e269696b9ed3a35329a81290c7d6be00be9d84487e84
reciprocal_nomination	15:85	52:36		medium	52:36	15:85	15:85	cross_surah	label_target_note	ranked_review	True creation and the coming Hour extend the purposive-order reading.	focus_52_36_cutoff_100.tsv	82	c03b90372da06bfd06361a48e0f30ef32fa13da98653014bf957f510545bb92a
reciprocal_nomination	15:85	54:1		medium	54:1	15:85	15:85	cross_surah	label_target_note	ranked_review	The coming Hour is stated within a creation-and-forbearance frame; useful but repetitive Hour evidence.	focus_54_1_cutoff_100.tsv	79	bea04c78988755366bc50761ddb96997c587da1092f94069f2a795e002c138aa
reciprocal_nomination	15:85	54:46		medium	54:46	15:85	15:85	cross_surah	label_target_note	ranked_review	Affirms the coming Hour, but adds little after stronger parallels.	focus_54_46_cutoff_100.tsv	66	46013b5881d74efa59456ef9ad128bddbd1d375bf4e00b9281ef0c7b38f3868e
reciprocal_nomination	15:85	56:57		strong	56:57	15:85	15:85	cross_surah	label_target_note	ranked_review	True creation and the coming hour explicitly connect order with final realization.	focus_56_57_cutoff_100.tsv	59	bbd1c4a8f920f318e40d3f09fcb4e5db398e8879228a9dd319621082ec4f68c4
reciprocal_nomination	15:85	56:59		weak	56:59	15:85	15:85	cross_surah	label_target_note	ranked_review	Purposeful cosmic creation is only an indirect parallel to the focus.	focus_56_59_cutoff_100.tsv	71	a1448f0600c58c13ad1580eb163696a120794d4d5aaf7cc56048149ec8d648b0
reciprocal_nomination	15:85	60:7		medium	60:7	15:85	15:85	cross_surah	label_target_note	missing_ayah_suggestion	Offers a model of gracious release where a relation cannot be continued on its former terms.	focus_60_7_cutoff_100.tsv	124	3be4145a6bd9f2723ff7f849af76a19be5e41dd6dd072b4ce2ef47a4f59d08a4
reciprocal_nomination	15:85	64:3		strong	64:3	15:85	15:85	cross_surah	label_target_note	ranked_review	Hak uzere yaratilis ve saati, nihai duzene birakilan guzel davranisla baglar.	focus_64_3_cutoff_100.tsv	49	7631ac26ada081bccf54fb01634365c870a4115605ee42a7a4beac8d03dc6c12
reciprocal_nomination	15:85	64:14		medium	64:14	15:85	15:85	cross_surah	label_target_note	ranked_review	Explicit ٱصْفَحِ with an ultimate-accountability horizon supports restrained release without denying judgment.	focus_64_14_cutoff_100.tsv	45	c9773cb78fb24d634eba1bf1736c3f825cc293b50ea86bc7ad263c1a3be9e356
reciprocal_nomination	15:85	67:17		weak	67:17	15:85	15:85	cross_surah	label_target_note	ranked_review	Cosmic truth and the Hour are too broad for the focus's immediate scene.	focus_67_17_cutoff_100.tsv	94	3ec42a6936fc0dcdc4fd82d9a239a212403d2d21352d0fb431bb18fb4cf1e719
reciprocal_nomination	15:85	70:5		medium	70:5	15:85	15:85	cross_surah	label_target_note	ranked_review	Beautiful overlooking before a fixed outcome supports delayed non-retaliation.	focus_70_5_cutoff_100.tsv	36	af46bdd8ab80757e99c3e7d5016fd2573d614d11b0cad1b5ffe2683d3dad2c21
reciprocal_nomination	15:85	70:16		weak	70:16	15:85	15:85	cross_surah	label_target_note	ranked_review	The coming Hour and beautiful pardon form a remote contextual parallel to 70:5.	focus_70_16_cutoff_100.tsv	87	e7b01151afe1e14203341cd1a18d0afa61311da941d95520ad0791115dc2d2f7
reciprocal_nomination	15:85	70:18		medium	70:18	15:85	15:85	cross_surah	label_target_note	ranked_review	Branch resonance preserves the beautiful-restraint parallel.	focus_70_18_cutoff_100.tsv	56	9bf6da41899bd4a608d8d45807570f1c46f803ed7129af0a3cff2cf3f5b0a6d6
reciprocal_nomination	15:85	72:25		medium	72:25	15:85	15:85	cross_surah	label_target_note	missing_ayah_suggestion	The coming Hour confirms an inevitable future event without assigning its date.	focus_72_25_cutoff_100.tsv	115	fe42546f6925507ae441bbbc117f4f70589d14043a9de377e8d620109cb63ebc
reciprocal_nomination	15:85	73:3		weak	73:3	15:85	15:85	cross_surah	label_target_note	ranked_review	Beautiful pardon parallels proportional restraint only indirectly through branch evidence.	focus_73_3_cutoff_100.tsv	36	a8b0f116bbe472473fef8c2f03f41873d7d8aea53fd1a8001d62c2fcefb627ee
reciprocal_nomination	15:85	73:10		strong	73:10	15:85	15:85	cross_surah	label_target_note	ranked_review	Beautiful pardoning at the coming Hour closely parallels gracious non-engagement.	focus_73_10_cutoff_100.tsv	45	0087c89ce912b95873afcda9250aeb92b4521296cd25406e0f883122f8ecfc1d
reciprocal_nomination	15:85	74:47		strong	74:47	15:85	15:85	cross_surah	label_target_note	ranked_review	Joins the truth-founded creation with the certainly coming Hour, supporting both truth and terminal-arrival readings.	focus_74_47_cutoff_100.tsv	100	afbf50dd7a8a4c6eafede94265afe15362313a4e275f911cade23a7f1f481b27
reciprocal_nomination	15:85	74:56		weak	74:56	15:85	15:85	cross_surah	label_target_note	ranked_review	The coming Hour and beautiful forbearance offer only a broad judgment setting.	focus_74_56_cutoff_100.tsv	85	3695fcc8c7abdc6e5d4fe1ca0c3c8ecfa3e4bade109e477e3a32bac3a3b2067d
reciprocal_nomination	15:85	75:36		strong	75:36	15:85	15:85	cross_surah	label_target_note	missing_ayah_suggestion	Gök, yer ve arasındakilerin hak ile yaratıldığını bildirir; amaçlı düzen için doğrudan paraleldir.	focus_75_36_cutoff_100.tsv	133	a814b044cdc9eec726b3670646d38b385eb8074369a3d019d79b13b14621819c
reciprocal_counterevidence	15:85	77:33		no value	77:33	15:85	15:85	cross_surah	label_target_note	ranked_review	The shared root is the beautiful-quality sense, not the target imagery.	focus_77_33_cutoff_100.tsv	23	528819b59876afee88dffb188617482594205e2dedbc91b14939e3d3f51cd9b7
reciprocal_nomination	15:85	78:18		medium	78:18	15:85	15:85	cross_surah	label_target_note	ranked_review	The coming Hour and creation in truth support the event's certainty, without cohort detail.	focus_78_18_cutoff_100.tsv	92	fb8a047d877d416f10cc6ac352dd63e912b01d061e42244cecfee05917fc34f2
reciprocal_nomination	15:85	78:37		strong	78:37	15:85	15:85	cross_surah	label_target_note	ranked_review	Exact heavens-earth-between formula; creation in truth and the coming Hour frame final accountability.	focus_78_37_cutoff_100.tsv	39	9e9c3deecb215e1962c9ea1ea340fd6e1d81623e65e8c44c7c62dff9b0cb7445
reciprocal_nomination	15:85	79:42		strong	79:42	15:85	15:85	cross_surah	label_target_note	ranked_review	Affirms the Hour's coming amid created truth and directs gracious forbearance, adding certainty without date disclosure.	focus_79_42_cutoff_100.tsv	82	4b3785800f2adb548c8c9fd5f6caa6b11130db879fb2626a5526ad8a0948644c
reciprocal_nomination	15:85	79:43		medium	79:43	15:85	15:85	cross_surah	label_target_note	missing_ayah_suggestion	Affirms the Hour's coming and directs an ethical response rather than date disclosure.	focus_79_43_cutoff_100.tsv	105	d72440017cdf23ce734b9dc4bd55a5ca223341bc1403f79d9cf198921bbb36a4
reciprocal_nomination	15:85	79:44		medium	79:44	15:85	15:85	cross_surah	label_target_note	missing_ayah_suggestion	Affirms that the Hour is coming and pairs it with gracious forbearance, contributing certainty but not the knowledge boundary.	focus_79_44_cutoff_100.tsv	125	15649f4bbb2bfeb87b48f75136a6af1b64b0648a87ece90b50aa9bdd817ab08e
reciprocal_nomination	15:85	86:12		weak	86:12	15:85	15:85	cross_surah	label_target_note	ranked_review	Cosmic truth and the coming hour give broad eschatological background.	focus_86_12_cutoff_100.tsv	96	368cc83c69be93ebef8096f23a2a332e1b575ab8e6db969394f21ed8cc481beb
reciprocal_nomination	15:85	86:14		medium	86:14	15:85	15:85	cross_surah	label_target_note	missing_ayah_suggestion	Creation in truth supplies a purposive backdrop, though not a speech-specific parallel.	focus_86_14_cutoff_100.tsv	108	70629652c6c6059d573fc26ffd770ff9189ebe778dbda431b33d0e3176273803
reciprocal_nomination	15:85	91:6		weak	91:6	15:85	15:85	cross_surah	label_target_note	ranked_review	Purposeful cosmic creation is already established by earlier cards.	focus_91_6_cutoff_100.tsv	43	ea419485cb25a8e5e19e06378c0fa99bde1db15b46c681093896699a4bb4a397
reciprocal_nomination	15:85	92:13		weak	92:13	15:85	15:85	cross_surah	label_target_note	ranked_review	Coming Hour is only a broad future reference; tail-audit rank adds nothing.	focus_92_13_cutoff_100.tsv	91	abc0653224634b9906e06476202fb9fa4f7baee9d18dc93c2addd49e87c27156
